0.000000000000000e+00,0.000000000000000e+00
 0.000000000000000e+00,0.000000000000000e+00
 0.000000000000000e+00,0.000000000000000e+00
 0.000000000000000e+00,0.000000000000000e+00
 0.000000000000000e+00,0.000000000000000e+00
 0.000000000000000e+00,0.000000000000000e+00
 0.000000000000000e+00,0.000000000000000e+00
 0.000000000000000e+00,0.000000000000000e+00
 0.000000000000000e+00,0.000000000000000e+00
 0.000000000000000e+00,0.000000000000000e+00
 0.000000000000000e+00,0.000000000000000e+00
 0.000000000000000e+00,0.000000000000000e+00
 0.000000000000000e+00,0.000000000000000e+00
 0.000000000000000e+00,0.000000000000000e+00
 0.000000000000000e+00,0.000000000000000e+00
 0.000000000000000e+00,0.000000000000000e+00
 0.000000000000000e+00,0.000000000000000e+00
 0.000000000000000e+00,0.000000000000000e+00
 0.000000000000000e+00,0.000000000000000e+00
 0.000000000000000e+00,0.000000000000000e+00
 0.000000000000000e+00,0.000000000000000e+00
 0.000000000000000e+00,0.000000000000000e+00
 0.000000000000000e+00,0.000000000000000e+00
 0.000000000000000e+00,0.000000000000000e+00
 0.000000000000000e+00,0.000000000000000e+00
 0.000000000000000e+00,0.000000000000000e+00
 0.000000000000000e+00,0.000000000000000e+00
 0.000000000000000e+00,0.000000000000000e+00
 0.000000000000000e+00,0.000000000000000e+00
 0.000000000000000e+00,0.000000000000000e+00
 0.000000000000000e+00,0.000000000000000e+00
 0.000000000000000e+00,0.000000000000000e+00
 0.000000000000000e+00,0.000000000000000e+00
 0.000000000000000e+00,0.000000000000000e+00
 0.000000000000000e+00,0.000000000000000e+00
 0.000000000000000e+00,0.000000000000000e+00
 0.000000000000000e+00,0.000000000000000e+00
 0.000000000000000e+00,0.000000000000000e+00
 0.000000000000000e+00,0.000000000000000e+00
 0.000000000000000e+00,0.000000000000000e+00
 0.000000000000000e+00,0.000000000000000e+00
 0.000000000000000e+00,0.000000000000000e+00
 0.000000000000000e+00,0.000000000000000e+00
 0.000000000000000e+00,0.000000000000000e+00
 0.000000000000000e+00,0.000000000000000e+00
 0.000000000000000e+00,0.000000000000000e+00
 0.000000000000000e+00,0.000000000000000e+00
 0.000000000000000e+00,0.000000000000000e+00
 0.000000000000000e+00,0.000000000000000e+00
 0.000000000000000e+00,0.000000000000000e+00
 0.000000000000000e+00,0.000000000000000e+00
 0.000000000000000e+00,0.000000000000000e+00
 0.000000000000000e+00,0.000000000000000e+00
 0.000000000000000e+00,0.000000000000000e+00
 0.000000000000000e+00,0.000000000000000e+00
 0.000000000000000e+00,0.000000000000000e+00
 0.000000000000000e+00,0.000000000000000e+00
 0.000000000000000e+00,0.000000000000000e+00
 0.000000000000000e+00,0.000000000000000e+00
 0.000000000000000e+00,0.000000000000000e+00
 0.000000000000000e+00,0.000000000000000e+00
 0.000000000000000e+00,0.000000000000000e+00
 0.000000000000000e+00,0.000000000000000e+00
 0.000000000000000e+00,0.000000000000000e+00
 0.000000000000000e+00,0.000000000000000e+00
 0.000000000000000e+00,0.000000000000000e+00
 0.000000000000000e+00,0.000000000000000e+00
 0.000000000000000e+00,0.000000000000000e+00
 0.000000000000000e+00,0.000000000000000e+00
 0.000000000000000e+00,0.000000000000000e+00
 0.000000000000000e+00,0.000000000000000e+00
 0.000000000000000e+00,0.000000000000000e+00
 0.000000000000000e+00,0.000000000000000e+00
 0.000000000000000e+00,0.000000000000000e+00
 0.000000000000000e+00,0.000000000000000e+00
 0.000000000000000e+00,0.000000000000000e+00
 0.000000000000000e+00,0.000000000000000e+00
 0.000000000000000e+00,0.000000000000000e+00
 0.000000000000000e+00,0.000000000000000e+00
 0.000000000000000e+00,0.000000000000000e+00
 0.000000000000000e+00,0.000000000000000e+00
 0.000000000000000e+00,0.000000000000000e+00
 0.000000000000000e+00,0.000000000000000e+00
 0.000000000000000e+00,0.000000000000000e+00
 0.000000000000000e+00,0.000000000000000e+00
 0.000000000000000e+00,0.000000000000000e+00
 0.000000000000000e+00,0.000000000000000e+00
 0.000000000000000e+00,0.000000000000000e+00
 0.000000000000000e+00,0.000000000000000e+00
 0.000000000000000e+00,0.000000000000000e+00
 0.000000000000000e+00,0.000000000000000e+00
 0.000000000000000e+00,0.000000000000000e+00
 0.000000000000000e+00,0.000000000000000e+00
 0.000000000000000e+00,0.000000000000000e+00
 0.000000000000000e+00,0.000000000000000e+00
 0.000000000000000e+00,0.000000000000000e+00
 0.000000000000000e+00,0.000000000000000e+00
 0.000000000000000e+00,0.000000000000000e+00
 0.000000000000000e+00,0.000000000000000e+00
 0.000000000000000e+00,0.000000000000000e+00
 0.000000000000000e+00,0.000000000000000e+00
 0.000000000000000e+00,0.000000000000000e+00
 0.000000000000000e+00,0.000000000000000e+00
 0.000000000000000e+00,0.000000000000000e+00
 0.000000000000000e+00,0.000000000000000e+00
 0.000000000000000e+00,0.000000000000000e+00
 0.000000000000000e+00,0.000000000000000e+00
 0.000000000000000e+00,0.000000000000000e+00
 0.000000000000000e+00,0.000000000000000e+00
 0.000000000000000e+00,0.000000000000000e+00
 0.000000000000000e+00,0.000000000000000e+00
 0.000000000000000e+00,0.000000000000000e+00
 0.000000000000000e+00,0.000000000000000e+00
 0.000000000000000e+00,0.000000000000000e+00
 0.000000000000000e+00,0.000000000000000e+00
 0.000000000000000e+00,0.000000000000000e+00
 0.000000000000000e+00,0.000000000000000e+00
 0.000000000000000e+00,0.000000000000000e+00
 0.000000000000000e+00,0.000000000000000e+00
 0.000000000000000e+00,0.000000000000000e+00
 0.000000000000000e+00,0.000000000000000e+00
 0.000000000000000e+00,0.000000000000000e+00
 0.000000000000000e+00,0.000000000000000e+00
 0.000000000000000e+00,0.000000000000000e+00
 0.000000000000000e+00,0.000000000000000e+00
 0.000000000000000e+00,0.000000000000000e+00
 0.000000000000000e+00,0.000000000000000e+00
 0.000000000000000e+00,0.000000000000000e+00
 0.000000000000000e+00,0.000000000000000e+00
 0.000000000000000e+00,0.000000000000000e+00
 0.000000000000000e+00,0.000000000000000e+00
 0.000000000000000e+00,0.000000000000000e+00
 0.000000000000000e+00,0.000000000000000e+00
 0.000000000000000e+00,0.000000000000000e+00
 0.000000000000000e+00,0.000000000000000e+00
 0.000000000000000e+00,0.000000000000000e+00
 0.000000000000000e+00,0.000000000000000e+00
 0.000000000000000e+00,0.000000000000000e+00
 0.000000000000000e+00,0.000000000000000e+00
 0.000000000000000e+00,0.000000000000000e+00
 0.000000000000000e+00,0.000000000000000e+00
 0.000000000000000e+00,0.000000000000000e+00
 0.000000000000000e+00,0.000000000000000e+00
 0.000000000000000e+00,0.000000000000000e+00
 0.000000000000000e+00,0.000000000000000e+00
 0.000000000000000e+00,0.000000000000000e+00
 0.000000000000000e+00,0.000000000000000e+00
 0.000000000000000e+00,0.000000000000000e+00
 5.406389600420320e-271,-6.754771766733068e-274
 1.507466892541796e-270,-1.886837023055797e-273
 7.471281346112780e-270,-9.368444324306464e-273
 3.601064145335398e-269,-4.523676663140274e-272
 1.737146525437089e-268,-2.186190457191231e-271
 8.393240122229881e-268,-1.058216623105205e-270
 4.058256598180676e-267,-5.126020968664959e-270
 1.962139697776362e-266,-2.482957620516898e-269
 9.484992904095869e-266,-1.202478926700861e-268
 4.584248084278705e-265,-5.822536781240733e-268
 2.215268119407669e-264,-2.818880620075256e-267
 1.070313143734537e-263,-1.364489210686763e-266
 5.170369647179368e-263,-6.603775709447873e-266
 2.497227668737560e-262,-3.195530418901497e-265
 1.205924604246944e-261,-1.546043480454219e-264
 5.822470625399906e-261,-7.478736410728535e-264
 2.810730749678994e-260,-3.617113959127940e-263
 1.356611913052352e-259,-1.749134729947205e-262
 6.546604469564792e-259,-8.456898201224879e-262
 3.158641396157502e-258,-4.088136338422420e-261
 1.523729703785905e-257,-1.975903473989924e-260
 7.349174851047527e-257,-9.548426717203473e-260
 3.543985235637744e-256,-4.613423325661425e-259
 1.708706787130391e-255,-2.228639575888073e-258
 8.236925516463795e-255,-1.076418271200927e-257
 3.969943458109048e-254,-5.198123815583158e-257
 1.913042964935277e-253,-2.509782912047872e-256
 9.216923348796788e-253,-1.211572244614357e-255
 4.439843924348349e-252,-5.847708701597479e-255
 2.138304406749922e-251,-2.821922209044988e-254
 1.029653451478649e-250,-1.361528916267559e-253
 4.957148943261162e-250,-6.567965393969590e-253
 2.386117423164526e-249,-3.167791756386625e-252
 1.148339290636544e-248,-1.527579421656614e-251
 5.525439349560528e-248,-7.364987306269724e-251
 2.658160465048790e-247,-3.550265675595146e-250
 1.278536008485915e-246,-1.711078635254831e-249
 6.148394516456336e-246,-8.245157601803556e-249
 2.956154180459522e-245,-3.972349412888764e-248
 1.421047595542038e-244,-1.913440757109861e-247
 6.829767949663524e-244,-9.215126469418890e-247
 3.281849367812099e-243,-4.437168113999803e-246
 1.576689943777223e-242,-2.136133398962113e-245
 7.573358130317140e-242,-1.028178118707870e-244
 3.637012675410680e-241,-4.947951536559930e-244
 1.746283846059194e-240,-2.380670010144731e-243
 8.382974306608421e-240,-1.145220823437711e-242
 4.023409914228654e-239,-5.508015159193397e-242
 1.930646869354789e-238,-2.648600486419055e-241
 9.262396978405316e-238,-1.273364673438155e-240
 4.442786873475981e-237,-6.120737158189937e-240
 2.130584054583893e-236,-2.941499811730294e-239
 1.021533287701841e-235,-1.413343254357276e-238
 4.896847557537979e-235,-6.789530943671266e-238
 2.346877410528320e-234,-3.260954594202749e-237
 1.124536431460203e-233,-1.565893236886278e-236
 5.387229798802778e-233,-7.517812978813390e-236
 2.580274186973770e-232,-3.608547374138383e-235
 1.235589286536818e-231,-1.731746737547832e-234
 5.915478244009885e-231,-8.308965649080474e-234
 2.831473933434300e-230,-3.985838603890429e-233
 1.355007744442370e-229,-1.911622586142257e-232
 6.483014762385784e-229,-9.166295004856212e-232
 3.101114374462241e-228,-4.394346227769547e-231
 1.483076696987842e-227,-2.106216471554959e-230
 7.091106381924442e-227,-1.009298327115915e-229
 3.389756160680779e-226,-4.835522825041386e-229
 1.620042792978290e-225,-2.316189954891268e-228
 7.740830925728027e-225,-1.109203610331086e-227
 3.697866586198926e-224,-5.310730320937407e-227
 1.766106732681897e-223,-2.542158359437849e-226
 8.433040592855882e-223,-1.216622466787164e-225
 4.025802397784111e-222,-5.821212319657251e-225
 1.921415163940816e-221,-2.784677570839542e-224
 9.168323807078753e-221,-1.331802274420019e-223
 4.373791858706079e-220,-6.368064169593639e-223
 2.086052261607528e-219,-3.044229808097633e-222
 9.946965741375655e-219,-1.454953917346719e-221
 4.741916270070252e-218,-6.952200934343435e-221
 2.260031090814944e-217,-3.321208456451422e-220
 1.076890801461382e-216,-1.586244612810752e-219
 5.130091194103947e-216,-7.574323513115412e-219
 2.443284874107030e-215,-3.615902086693193e-218
 1.163370814807857e-214,-1.725790383442293e-217
 5.538047666382126e-214,-8.234883230166281e-217
 2.635658302239512e-213,-3.928477821594250e-216
 1.254049946137822e-212,-1.873648255249587e-215
 5.965313726510058e-212,-8.934045294088370e-215
 2.836899048080167e-211,-4.258964248469642e-214
 1.348795217740058e-210,-2.029808279822878e-213
 6.411196638053711e-210,-9.671651612677856e-213
 3.046649661880617e-209,-4.607234116749538e-212
 1.447423659173315e-208,-2.194185497892415e-211
 6.874766207355762e-208,-1.044718353630787e-210
 3.264440043689682e-207,-4.972987100039812e-210
 1.549698924026699e-206,-2.366611980237609e-209
 7.354839645722614e-206,-1.125972519005815e-208
 3.489680704082985e-205,-5.355732942488874e-208
 1.655328306632202e-204,-2.546829100526341e-207
 7.849968448805808e-204,-1.210792814007537e-206
 3.721657036973290e-203,-5.754775348233348e-206
 1.763960264187073e-202,-2.734480212396133e-205
 8.358427789156812e-202,-1.298997822007561e-204
 3.959524837257157e-201,-6.169197008982243e-204
 1.875182553264980e-200,-2.929103919354784e-203
 8.878208931102184e-200,-1.390356541643528e-202
 4.202307300600364e-199,-6.597846196918987e-202
 1.988521091060180e-198,-3.130128140222525e-201
 9.407015179587113e-198,-1.484585777175355e-200
 4.448893741993415e-197,-7.039325376534765e-200
 2.103439650477978e-196,-3.336865184010698e-199
 9.942261864743066e-196,-1.581348031355153e-198
 4.698040263033123e-195,-7.491982308079748e-198
 2.219340494106003e-194,-3.548508055706709e-197
 1.048108084006266e-193,-1.680250004324078e-196
 4.948372584492349e-193,-7.953904125315106e-196
 2.335566044766770e-192,-3.764128217475424e-195
 1.102032993280814e-191,-1.780841802693849e-194
 5.198391240017369e-191,-8.422914869460555e-194
 2.451401679550641e-190,-3.982675027585716e-193
 1.155660772951851e-189,-1.882616961052619e-192
 5.446479298268254e-189,-8.896576948009908e-192
 2.566079719747613e-188,-4.202977071151271e-191
 1.208627400649672e-187,-1.985013373325289e-190
 5.690912744224504e-187,-9.372196959956990e-190
 2.678784670845785e-186,-4.423745581883039e-189
 1.260547602450781e-185,-2.087415223399191e-188
 5.929873605586922e-185,-9.846836286540320e-188
 2.788659744720384e-184,-4.643580131877916e-187
 1.311018079890515e-183,-2.189155992972607e-186
 6.161465857444891e-183,-1.031732678793371e-185
 2.894814670462094e-182,-4.860976736651445e-185
 1.359621333178634e-181,-2.289522609521775e-184
 6.383734078103594e-181,-1.078029187071743e-183
 2.996334771209086e-180,-5.074338484857740e-183
 1.405930065301295e-179,-2.387760778535701e-182
 6.594684761956889e-179,-1.123217309826286e-181
 3.092291252334414e-178,-5.281988756526981e-181
 1.449512136419679e-177,-2.483081521774575e-180
 6.792310122679006e-177,-1.166926240671957e-179
 3.181752611896453e-176,-5.482187040318541e-179
 1.489936021698588e-175,-2.574668917432211e-178
 6.974614143270140e-175,-1.208773986409272e-177
 3.263797048192752e-174,-5.673147299907935e-177
 1.526776708793409e-173,-2.661689009047565e-176
 7.139640550483341e-173,-1.248371677066550e-175
 3.337525702441559e-172,-5.853058773045459e-175
 1.559621954115986e-171,-2.743299818251469e-174
 7.285502311950579e-171,-1.285328374800726e-173
 3.402076538077180e-170,-6.020109015236137e-173
 1.588078800209844e-169,-2.818662362599517e-172
 7.410412177480273e-169,-1.319256330436393e-171
 3.456638623097468e-168,-6.172508925033428e-171
 1.611780240659575e-167,-2.886952544621800e-170
 7.512713714098410e-167,-1.349776620006137e-169
 3.500466549606234e-166,-6.308519411502955e-169
 1.630391904523347e-165,-2.947373742720567e-168
 7.590912220398609e-165,-1.376525077241099e-167
 3.532894696492927e-164,-6.426479288727989e-167
 1.643618619975863e-163,-2.999169899809888e-166
 7.643704852571795e-163,-1.399158422067634e-165
 3.553351018495311e-162,-6.524833909880194e-165
 1.651210707294563e-161,-3.041638872784709e-164
 7.670009255045850e-161,-1.417360470372001e-163
 3.561370028980791e-160,-6.602163986993734e-163
 1.652969845132183e-159,-3.074145776333230e-162
 7.668989965776688e-159,-1.430848297213639e-161
 3.556604636023488e-158,-6.657213985227409e-161
 1.648754351786078e-157,-3.096136029663765e-160
 7.640081862454972e-157,-1.439378214935919e-159
 3.538836492758827e-156,-6.688919434820360e-159
 1.638483725353853e-155,-3.107147795700033e-158
 7.583009933329474e-155,-1.442751419863140e-157
 3.507984534559737e-154,-6.696432473165124e-157
 1.622142293672719e-153,-3.106823490577781e-156
 7.497804696581497e-153,-1.440819157078276e-155
 3.464111397903714e-152,-6.679144916063518e-155
 1.599781837007114e-151,-3.094920038022468e-154
 7.384812656176079e-151,-1.433487252691525e-153
 3.407427449186537e-150,-6.636708163637018e-153
 1.571523063658982e-149,-3.071317549428059e-152
 7.244701269901642e-149,-1.420719867464427e-151
 3.338292196136891e-148,-6.569049274483337e-151
 1.537555840943117e-147,-3.036026127013194e-150
 7.078458016204747e-147,-1.402542334988644e-149
 3.257212909342257e-146,-6.476382592695793e-149
 1.498138110964721e-145,-2.989190514740114e-148
 6.887383278571157e-145,-1.379042961983284e-147
 3.164840345792158e-144,-6.359216386922376e-147
 1.453593451861471e-143,-2.931092359912025e-146
 6.673076916953019e-143,-1.350373687685588e-145
 3.061961538810980e-142,-6.218354058347201e-145
 1.404307279871230e-141,-2.862149897186890e-144
 6.437418561273948e-141,-1.316749523549663e-143
 2.949489697409614e-140,-6.054889594080251e-143
 1.350721724828468e-139,-2.782914925445836e-142
 6.182541837678237e-139,-1.278446723121841e-141
 2.828451340629392e-138,-5.870197081686679e-141
 1.293329250335775e-137,-2.694067015303243e-140
 5.910802918437301e-137,-1.235799664399401e-139
 2.699970876192757e-136,-5.665914256156452e-139
 1.232665128608680e-135,-2.596404959355465e-138
 5.624743965051359e-135,-1.189196462341482e-137
 2.565252914752125e-134,-5.443920218223867e-137
 1.169298917454071e-133,-2.490835556420714e-136
 5.327052204416758e-133,-1.139073366429132e-135
 2.425562688112632e-132,-5.206307637424073e-135
 1.103825121529601e-131,-2.378359902460332e-134
 5.020515533164885e-131,-1.085908036046755e-133
 2.282205008799934e-130,-4.955349928652562e-133
 1.036853250484464e-129,-2.260057441758545e-132
 4.707975678544440e-129,-1.030211823589348e-131
 2.136502266147748e-128,-4.693464060738658e-131
 9.689975113748880e-128,-2.137068109145217e-130
 4.392280049238527e-127,-9.725212301485249e-130
 1.989771997835439e-126,-4.423169812805928e-129
 9.008663906236652e-126,-2.010572964406008e-128
 4.076233480581908e-125,-9.133887298907112e-128
 1.843304603066827e-124,-4.147046432115972e-127
 8.330523906748420e-124,-1.881773780342782e-126
 3.762551111273157e-123,-8.533731853740721e-126
 1.698341772393451e-122,-3.867687758995491e-125
 7.661221875936939e-122,-1.751872093244676e-124
 3.453813619640270e-121,-7.930300957092620e-124
 1.556056198355993e-120,-3.587656964457538e-123
 7.006074677251650e-120,-1.622048256179129e-122
 3.152425995267260e-119,-7.329019314995356e-122
 1.417533100162906e-118,-3.309442089175017e-121
 6.369966840659146e-118,-1.493441049360797e-120
 2.860580926603778e-117,-6.735088140049596e-120
 1.283754044975720e-116,-3.035413574878276e-119
 5.757279465679978e-116,-1.367128396441716e-118
 2.580227749239432e-115,-6.153397903852259e-118
 1.155583479357900e-114,-2.767784938942811e-117
 5.171832259200617e-114,-1.244109710158105e-116
 2.313047726980148e-113,-5.588449419895569e-116
 1.033758299265300e-112,-2.508577659566771e-115
 4.616840086188033e-112,-1.125290345554671e-114
 2.060436234718255e-111,-5.044285386970070e-114
 9.188806886914994e-111,-2.259591214237727e-113
 4.094884938789789e-110,-1.011468575054481e-112
 1.823492186007793e-109,-4.524434199165858e-112
 8.114143494960081e-109,-2.022379051795946e-111
 3.607903719909783e-108,-9.033254189753488e-111
 1.603014808247743e-107,-4.031867431091218e-110
 7.116841323962324e-107,-1.798231083963629e-109
 3.157191712108862e-106,-8.014175706167864e-109
 1.399507624394759e-105,-3.568971950648002e-108
 6.198789663224707e-105,-1.588163063148039e-107
 2.743421083822170e-104,-7.061735504351488e-107
 1.213189262628526e-103,-3.137537114861202e-106
 5.360578751695930e-103,-1.392912978514260e-105
 2.366673294932611e-102,-6.178931134114045e-105
 1.044010494700335e-101,-2.738756987589937e-104
 4.601587721771473e-101,-1.212944361754895e-103
 2.026483824250850e-100,-5.367498222477434e-103
 8.916767095799953e-100,-2.373247004022407e-102
 3.920096370929388e-99,-1.048456158229802e-101
 1.721897271812606e-98,-4.627965914450903e-101
 7.556748700098143e-98,-2.041074018598701e-100
 3.313416136578863e-97,-8.993985988195561e-100
 1.451530605291136e-96,-3.959739084983469e-99
 6.353038825681410e-96,-1.741798232673885e-98
 2.778035176866805e-95,-7.654943130210578e-98
 1.213642134079328e-94,-3.361203529157814e-97
 5.297072416185301e-94,-1.474525126035815e-96
 2.309772209607214e-93,-6.462637634286483e-96
 1.006203713678845e-92,-2.829849654537108e-95
 4.379067864510480e-92,-1.237965229297561e-94
 1.903933740190464e-91,-5.410539630806834e-94
 8.269737083738037e-91,-2.362409719135111e-93
 3.588364388306468e-90,-1.030499384897631e-92
 1.555469512361768e-89,-4.490693653264654e-92
 6.735683676631396e-89,-1.955003400917925e-91
 2.913748622934287e-88,-8.502470605146209e-91
 1.259121426525189e-87,-3.694037935484564e-90
 5.435294921306990e-87,-1.603286458362428e-89
 2.343760997122705e-86,-6.951353020649599e-89
 1.009561761305424e-85,-3.010723052473935e-88
 4.343865630912540e-85,-1.302597442094749e-87
 1.866973946274840e-84,-5.629660401936671e-87
 8.015172689822353e-84,-2.430419589588912e-86
 3.437118693650913e-83,-1.048097828473307e-85
 1.472235757064186e-82,-4.514796847522882e-85
 6.298765508426438e-82,-1.942605679797095e-84
 2.691675630358735e-81,-8.349015391647353e-84
 1.148875724945577e-80,-3.584132416261984e-83
 4.897790071966211e-80,-1.536826744846773e-82
 2.085439917904264e-79,-6.581905487502454e-82
 8.868682394494209e-79,-2.815515467310289e-81
 3.766845505136353e-78,-1.202921521248683e-80
 1.597890661907742e-77,-5.133141204783353e-80
 6.769552889860324e-77,-2.187706114968386e-79
 2.864241226940249e-76,-9.312103430553782e-79
 1.210288051777241e-75,-3.958700995284441e-78
 5.107286042807306e-75,-1.680724896589672e-77
 2.152318276397506e-74,-7.126435828748154e-77
 9.057954414260130e-74,-3.017675836927418e-76
 3.806741587934627e-73,-1.276114837271525e-75
 1.597601442022122e-72,-5.389100155071351e-75
 6.695257266935508e-72,-2.272711356482711e-74
 2.801829555339260e-71,-9.571188970563299e-74
 1.170801976542140e-70,-4.025065695968245e-73
 4.885218369145438e-70,-1.690274568057964e-72
 2.035329143124131e-69,-7.087781203151673e-72
 8.466942582949417e-69,-2.967723918376495e-71
 3.516825737285990e-68,-1.240760759038806e-70
 1.458472163551518e-67,-5.179585287611626e-70
 6.038917543172264e-67,-2.158913058395127e-69
 2.496457147387596e-66,-8.984609183785995e-69
 1.030346715150199e-65,-3.733168134352772e-68
 4.245481133953729e-65,-1.548675673130699e-67
 1.746402982581122e-64,-6.414133651544560e-67
 7.171757445377253e-64,-2.652161435456088e-66
 2.940083255359639e-63,-1.094802867207022e-65
 1.203194022228163e-62,-4.511648797155747e-65
 4.915215427860017e-62,-1.856039296791540e-64
 2.004328534357657e-61,-7.622202157484938e-64
 8.158363894827432e-61,-3.124667536026303e-63
 3.314615334403492e-60,-1.278632116601750e-62
 1.344147455519379e-59,-5.222686575490813e-62
 5.440413982215551e-59,-2.129299376799024e-61
 2.197735824429068e-58,-8.664858288964814e-61
 8.860627652482886e-58,-3.519293207020476e-60
 3.565213926324089e-57,-1.426611313225208e-59
 1.431611384645259e-56,-5.771633814060441e-59
 5.736792501356331e-56,-2.330349799787708e-58
 2.294052019232402e-55,-9.389851515221867e-58
 9.154040470641851e-55,-3.775698217652951e-57
 3.644876427036356e-54,-1.515033013729875e-56
 1.448097493659048e-53,-6.066220007277421e-56
 5.740398245186538e-53,-2.423650816829532e-55
 2.270383876044124e-52,-9.661887608270103e-55
 8.958865735894152e-52,-3.843065249697694e-54
 3.526843733609466e-51,-1.525108614000370e-53
 1.385100921819587e-50,-6.038290381459074e-53
 5.426511594197389e-50,-2.385063480574236e-52
 2.120732082257159e-49,-9.398113467565805e-52
 8.267187482703109e-49,-3.694177936832132e-51
 3.214528870282442e-48,-1.448479727101629e-50
 1.246650095860938e-47,-5.665067762372693e-50
 4.821910208023949e-47,-2.209916876531993e-49
 1.860030245288300e-46,-8.598138337351849e-49
 7.155264681645575e-46,-3.336334071454849e-48
 2.744821325201334e-45,-1.291069466206636e-47
 1.049934923096584e-44,-4.982214509232375e-47
 4.004490011120190e-44,-1.917189708141600e-46
 1.522805772899477e-43,-7.356209277560595e-46
 5.773371750676894e-43,-2.814266146542369e-45
 2.182110607232283e-42,-1.073429272482546e-44
 8.221669194395394e-42,-4.081814053930526e-44
 3.087821806301552e-41,-1.547312678178383e-43
 1.155914300204119e-40,-5.846834620627607e-43
 4.312722932070510e-40,-2.202182656309190e-42
 1.603616280143777e-39,-8.266977360361290e-42
 5.942126332672200e-39,-3.092938049508525e-41
 2.194039429687817e-38,-1.153177075237721e-40
 8.071898719387997e-38,-4.284393491942178e-40
 2.958709189014611e-37,-1.586056013094538e-39
 1.080412627336271e-36,-5.849916859735429e-39
 3.930087188094880e-36,-2.149551945789572e-38
 1.423977332947403e-35,-7.868232584789938e-38
 5.138712160033365e-35,-2.868799077765755e-37
 1.846785761559579e-34,-1.041785275597099e-36
 6.609203116641059e-34,-3.767658683414213e-36
 2.355103402453945e-33,-1.356871991475105e-35
 8.355176663598828e-33,-4.865611989523316e-35
 2.950808404358328e-32,-1.737093127834154e-34
 1.037335965461015e-31,-6.173762785223657e-34
 3.629464509480681e-31,-2.184089780485322e-33
 1.263747308395996e-30,-7.690162217977920e-33
 4.378451310780914e-30,-2.694597470906588e-32
 1.509278788311852e-29,-9.394910853993825e-32
 5.175485530105107e-29,-3.258942932807831e-31
 1.765254334166828e-28,-1.124576484091282e-30
 5.987942734639984e-28,-3.859845916503186e-30
 2.019758187183629e-27,-1.317522013049009e-29
 6.773407672791848e-27,-4.471862638361255e-29
 2.258048254377328e-26,-1.509019270790947e-28
 7.481809757219128e-26,-5.061825778090359e-28
 2.463507397342353e-25,-1.687536083947419e-27
 8.059313743456071e-25,-5.590577935667725e-27
 2.619142710080067e-24,-1.840090273848951e-26
 8.453832017224229e-24,-6.016139464115396e-26
 2.709531316359112e-23,-1.953470638726293e-25
 8.621636292706483e-23,-6.298194962072697e-25
 2.722982768936861e-22,-2.015818345541914e-24
 8.534146084807444e-22,-6.403453218284562e-24
 2.653572006289552e-21,-2.018373113150725e-23
 8.183667528503483e-21,-6.311097242295455e-23
 2.502630630509426e-20,-1.957091168298680e-22
 7.586770694524159e-20,-6.017289787084461e-22
 2.279304342268656e-19,-1.833789085915190e-21
 6.784223543661129e-19,-5.537642277862022e-21
 1.999912088831920e-18,-1.656490929476916e-20
 5.836973126039679e-18,-4.906774546082965e-20
 1.686070594851012e-17,-1.438773236764367e-19
 4.818500259698485e-17,-4.174607535434289e-19
 1.361832908577598e-16,-1.198104626761923e-18
 3.804780016038743e-16,-3.399762309639685e-18
 1.050356076311834e-15,-9.534225859139706e-18
 2.863788796621817e-15,-2.641206345019966e-17
 7.707735153482506e-15,-7.224101738953597e-17
 2.046749287959448e-14,-1.949850258165666e-16
 5.359335585969044e-14,-5.190525575675099e-16
 1.382950127045969e-13,-1.361931110950817e-15
 3.514594843171147e-13,-3.520113245607236e-15
 8.790684922081140e-13,-8.956145466090178e-15
 2.162391351460601e-12,-2.241473549819485e-14
 5.227252779321186e-12,-5.513873231915504e-14
 1.240737152209969e-11,-1.332075716774199e-13
 2.889124250948824e-11,-3.157631939323861e-13
 6.593512734171376e-11,-7.337304267950639e-13
 1.473274677897136e-10,-1.669565158519512e-12
 3.219463643075036e-10,-3.715997373692854e-12
 6.872167509772382e-10,-8.080272422919598e-12
 1.431028539213079e-09,-1.714289426963737e-11
 2.902903533074202e-09,-3.543473851454624e-11
 5.727667854815030e-09,-7.125006018981491e-11
 1.097373075019017e-08,-1.391278074289779e-10
 2.037811179348643e-08,-2.633341126514241e-10
 3.660424006272593e-08,-4.821447677727221e-10
 6.345907540472847e-08,-8.520163747389900e-10
 1.059225414346411e-07,-1.449570875964250e-09
 1.697613652927447e-07,-2.367860640208821e-09
 2.604580895792442e-07,-3.702269693489044e-09
 3.812651743262458e-07,-5.521925074868339e-09
 5.304853308864562e-07,-7.826350562853550e-09
 6.986166128221158e-07,-1.049544223514264e-08
 8.666548286998824e-07,-1.325242343304274e-08
 1.007242415879085e-06,-1.566869804477154e-08
 1.089942714434476e-06,-1.723684277102815e-08
 1.090312868889145e-06,-1.751455458080804e-08
 9.999578585976607e-07,-1.629988373733093e-08
 8.327234106402630e-07,-1.375714353908534e-08
 6.225475920210613e-07,-1.040848859481274e-08
 4.122250670766383e-07,-6.962643987443795e-09
 2.378752217902059e-07,-4.050436586827629e-09
 1.172922309762134e-07,-2.008378811313571e-09
 4.823588902658734e-08,-8.280729209337496e-10
 1.605059359920873e-08,-2.752651584886157e-10
 4.157877716368853e-09,-7.092766150251577e-11
 7.974599245124414e-10,-1.346044211192539e-11
 1.059021986056032e-10,-1.757401528120516e-12
 8.879767776423525e-12,-1.437174548094881e-13
 4.119776071818182e-13,-6.437301119255108e-15
 8.671901214923048e-15,-1.290814523330255e-16
 6.020617007329312e-17,-8.381723204925849e-19
 7.860368832814983e-20,-9.961690838009341e-22
 6.178849284067709e-24,-6.818535040300339e-26
 1.540948468005166e-30,-1.354363468257523e-32
 1.449321165858765e-45,-7.546110979307344e-48
 1.690444309521595e-12,-1.273589111329319e-12
 4.677715022565635e-12,-1.893211566968004e-12
 9.480310329821544e-12,-1.308782659250219e-12
 1.649833835902357e-11,1.550022737447002e-12
 2.549043088405165e-11,8.059669416114952e-12
 3.569166378332663e-11,1.949224538601366e-11
 4.632131024201652e-11,3.678144754398694e-11
 6.365525024272531e-11,6.047740920253283e-11
 1.667408703875542e-10,9.174554436863664e-11
 8.602512831840812e-10,1.383610300010286e-10
 4.217519517428150e-09,2.345117167406869e-10
 1.610146613961496e-08,4.792501067028519e-10
 4.827244078089745e-08,1.071717780941210e-09
 1.173096039974386e-07,2.288311226665466e-09
 2.378698295236030e-07,4.360756289714575e-09
 4.121950365948610e-07,7.295308842689233e-09
 6.224929998131234e-07,1.075394526270463e-08
 8.326462737612276e-07,1.410512458109250e-08
 9.998618845381365e-07,1.664026583501944e-08
 1.090203008631337e-06,1.783816463947768e-08
 1.089824594535855e-06,1.753611153409007e-08
 1.007121740453282e-06,1.593809094715425e-08
 8.665368386444000e-07,1.348861843063322e-08
 6.985056700684607e-07,1.069726527772081e-08
 5.303846658792430e-07,7.994513050162199e-09
 3.811768029626994e-07,5.658628602207435e-09
 2.603828783921476e-07,3.810749843318941e-09
 1.696992053808212e-07,2.451935116232650e-09
 1.058725841922473e-07,1.513241864795203e-09
 6.341998540320106e-08,8.991575347883941e-10
 3.657442959718383e-08,5.162841605907773e-10
 2.035593407038919e-08,2.875289020585752e-10
 1.095762122384633e-08,1.559162411168948e-10
 5.716233554395838e-09,8.266124142547229e-11
 2.894967240502983e-09,4.303609442280725e-11
 1.425638281330033e-09,2.210765618853091e-11
 6.836318392223653e-10,1.126126214117206e-11
 3.196100495348731e-10,5.716373599119923e-12
 1.458340877205485e-10,2.905126485543063e-12
 6.499714651872309e-11,1.484479194788943e-12
 2.830930992995883e-11,7.665984689566933e-13
 1.204470734789537e-11,4.049183324643275e-13
 4.988409276351653e-12,2.274835457700529e-13
 1.975701966819417e-12,1.511896870546931e-13
 6.818473470399507e-13,1.387307679299883e-13
 7.716987689093781e-14,1.772894293517394e-13
 -2.946210922092916e-13,2.678272084473337e-13
 -6.436849932549373e-13,4.191721266352418e-13
 -1.077208269661612e-12,6.439481928787623e-13
 -1.658314611126975e-12,9.549525044868782e-13
 -2.426981091221876e-12,1.361513605969150e-12
 -3.404277583933457e-12,1.865960451619687e-12
 -4.590113796486513e-12,2.460693970090063e-12
 -5.959820122876398e-12,3.126490848987291e-12
 -7.462620650807700e-12,3.832576848454941e-12
 -9.023677701615734e-12,4.538714575218859e-12
 -1.055022579171913e-11,5.199138331919721e-12
 -1.194123076782340e-11,5.767752836829688e-12
 -1.309911682719187e-11,6.203712645716265e-12
 -1.394157233607209e-11,6.476400006760750e-12
 -1.441138848403869e-11,6.568945563316223e-12
 -1.448269726957048e-11,6.479748907023579e-12
 -1.416272949634710e-11,6.221866456956311e-12
 -1.348910262586402e-11,5.820536617960931e-12
 -1.252345215614148e-11,5.309415004553000e-12
 -1.134276705195446e-11,4.726241492734618e-12
 -1.002999569192560e-11,4.108647649666503e-12
 -8.665364886481026e-12,3.490669083379570e-12
 -7.319486275409907e-12,2.900307665225482e-12
 -6.048835258887964e-12,2.358253625648063e-12
 -4.893700502670162e-12,1.877676777848931e-12
 -3.878310475244281e-12,1.464859552472321e-12
 -3.012597351924207e-12,1.120380861564472e-12
 -2.294964805730494e-12,8.405605639924003e-13
 -1.715459175024796e-12,6.189207012637669e-13
 -1.258860476452726e-12,4.474898258859041e-13
 -9.073650436677901e-13,3.178512238596302e-13
 -6.426869840489297e-13,2.219008164288248e-13
 -4.475355824774339e-13,1.523286333252173e-13
 -3.065179988275212e-13,1.028671993332426e-13
 -2.065698060823332e-13,6.836308094827951e-14
 -1.370359792483275e-13,4.472834742009948e-14
 -8.952113571993736e-14,2.882144434578725e-14
 -5.760980123271856e-14,1.829604946655696e-14
 -3.653340110809448e-14,1.144492193644856e-14
 -2.283640627048564e-14,7.055464674866424e-15
 -1.407308209166227e-14,4.285602824653879e-15
 -8.550119845294447e-15,2.562830609884615e-15
 -5.119226373936606e-15,1.505648453834115e-15
 -3.016858934870671e-15,8.646531769913448e-16
 -1.744729071849430e-15,4.797671120176366e-16
 -9.834396886675087e-16,2.500622526087000e-16
 -5.317819238963559e-16,1.130144067658064e-16
 -2.651312177647244e-16,3.057322527873955e-17
 -1.075851336885828e-16,-1.999088727375721e-17
 -1.369783165604001e-17,-5.198281720586906e-17
 4.326017951463498e-17,-7.301244421467602e-17
 7.871151186893826e-17,-8.731539177410315e-17
 1.013697309093383e-16,-9.717556024250816e-17
 1.160479379210751e-16,-1.037848266740407e-16
 1.253488416685693e-16,-1.077549154659783e-16
 1.306662795313160e-16,-1.094163775080205e-16
 1.327681351670350e-16,-1.089879145750237e-16
 1.321271454094991e-16,-1.066668248540307e-16
 1.291008929517010e-16,-1.026714901200079e-16
 1.240221513393694e-16,-9.725494477558556e-17
 1.172365430381987e-16,-9.070154876908047e-17
 1.091100745018428e-16,-8.331461548805197e-17
 1.000205710680665e-16,-7.540027351586457e-17
 9.034188461527435e-17,-6.725113473574586e-17
 8.042651371454063e-17,-5.913210140409059e-17
 7.059012055101952e-17,-5.126967659013312e-17
 6.109990223522646e-17,-4.384536619030223e-17
 5.216765342116084e-17,-3.699315346789591e-17
 4.394753906771337e-17,-3.080058543148602e-17
 3.653803185109075e-17,-2.531273065247640e-17
 2.998712692083626e-17,-2.053813743729233e-17
 2.429979604007961e-17,-1.645591616282434e-17
 1.944664645300770e-17,-1.302315900149919e-17
 1.537286506278933e-17,-1.018206018052003e-17
 1.200671281893936e-17,-7.866277899362579e-18
 9.267048414517051e-18,-6.006257917230480e-18
 7.069572484772456e-18,-4.533398636258350e-18
 5.331670605199085e-18,-3.383066110919391e-18
 3.975882023743542e-18,-2.496559777831125e-18
 2.932126164005355e-18,-1.822186491096346e-18
 2.138881960368013e-18,-1.315626219943950e-18
 1.543541915440665e-18,-9.397742397969758e-19
 1.102161591395295e-18,-6.642291527640830e-19
 7.788048054086137e-19,-4.645705081428732e-19
 5.446532150445589e-19,-3.215399192902249e-19
 3.770129324052850e-19,-2.202096877361398e-19
 2.583152202419016e-19,-1.491959217155520e-19
 1.751764518473707e-19,-9.995054732967787e-20
 1.175560752231808e-19,-6.614900331755777e-20
 7.803085742827276e-20,-4.317766260798837e-20
 5.118898063758960e-20,-2.771652071728456e-20
 3.313784101316830e-20,-1.740765473542195e-20
 2.111372803805858e-20,-1.059754326397271e-20
 1.317892384005473e-20,-6.140754879680343e-21
 7.991239341008539e-21,-3.253127606812745e-21
 4.631834393923327e-21,-1.403840026623327e-21
 2.478754941650699e-21,-2.373515872194975e-22
 1.115524751657946e-21,4.821849550997607e-22
 2.660773636607201e-22,9.099223877397430e-22
 -2.508937213974406e-22,1.147283815474837e-21
 -5.535114221652517e-22,1.260341068601017e-21
 -7.182579254252757e-22,1.292163194206242e-21
 -7.944754221164703e-22,1.270992084171874e-21
 -8.139941475983172e-22,1.215576136577578e-21
 -7.974406163609538e-22,1.138596909600929e-21
 -7.583134781270556e-22,1.048836380348189e-21
 -7.055815263414731e-22,9.525285480644534e-22
 -6.453182542729121e-22,8.541908127404188e-22
 -5.817177983023367e-22,7.571333979710283e-22
 -5.177212418331534e-22,6.637737288680782e-22
 -4.554020572373789e-22,5.758363153365724e-22
 -3.962062010033926e-22,4.944875786380118e-22
 -3.411066124927627e-22,4.204370704461918e-22
 -2.907077334853909e-22,3.540182845817659e-22
 -2.453230706902205e-22,2.952604269465004e-22
 -2.050354553542804e-22,2.439529348916474e-22
 -1.697487680301448e-22,1.997045983483115e-22
 -1.392320798510281e-22,1.619972534511281e-22
 -1.131587908254300e-22,1.302317470305959e-22
 -9.114029721116315e-23,1.037686304457289e-22
 -7.275430846161261e-23,8.196028628556913e-23
 -5.756826515161839e-23,6.417635577520953e-23
 -4.515791576587358e-23,4.982239851708269e-23
 -3.512020501128045e-23,3.835259906169822e-23
 -2.708298268889571e-23,2.927693833631574e-23
 -2.071084523511274e-23,2.216416486664325e-23
 -1.570718067547174e-23,1.664192845880551e-23
 -1.181530589605342e-23,1.239410465374563e-23
 -8.815962139755267e-24,9.155842896282966e-24
 -6.525202097302734e-24,6.708848190198362e-24
 -4.791273923663100e-24,4.876151976223880e-24
 -3.490541197398291e-24,3.515084647965766e-24
 -2.522695625423037e-24,2.512926542528531e-24
 -1.808857421592155e-24,1.780908863782350e-24
 -1.286741217546652e-24,1.250817807923866e-24
 -9.079277504657767e-25,8.698177573958646e-25
 -6.352708919860955e-25,5.983840772875873e-25
 -4.405066025290808e-25,4.065977442362939e-25
 -3.026419098106802e-25,2.721223470645762e-25
 -2.057074651160002e-25,1.786944195153264e-25
 -1.381903431662923e-25,1.142552273402543e-25
 -9.139519907931121e-26,7.047198465198785e-26
 -5.942993520469593e-26,4.093461732535749e-26
 -3.767796859421327e-26,2.132969163375183e-26
 -2.303107186027413e-26,8.627447457831712e-27
 -1.329633847535163e-26,5.154634599633025e-28
 -6.936187080776484e-27,-4.384961373661001e-27
 -2.866205899250545e-27,-7.170992399849453e-27
 -2.953279681801032e-28,-8.564493526237032e-27
 1.237225114368187e-27,-9.044924935923876e-27
 2.088787103532619e-27,-8.950157049275499e-27
 2.494935426375064e-27,-8.497753508382051e-27
 2.617037514870178e-27,-7.845181521327237e-27
 2.593606416699301e-27,-7.104027770413623e-27
 2.438418244472515e-27,-6.304691478769509e-27
 2.226080944372377e-27,-5.539132345992815e-27
 2.003307389257218e-27,-4.820877318711410e-27
 1.771672784107457e-27,-4.123822656478723e-27
 1.533658247387752e-27,-3.511735281931474e-27
 1.312490634982184e-27,-2.964359346835150e-27
 1.119589217285832e-27,-2.487079640652245e-27
 9.580014483513402e-28,-2.069624010412696e-27
 7.775357666419356e-28,-1.689658466632797e-27
 6.442798008978949e-28,-1.398218355137902e-27
 5.088980813777110e-28,-1.113661118317715e-27
 4.413580939401571e-28,-9.024853267246561e-28
 3.390793008023954e-28,-7.660436231144778e-28
 2.723834602865645e-28,-5.753142098428947e-28
 1.884706646599363e-28,-4.154587924633582e-28
 1.951998225741922e-28,-3.542363249390983e-28
 1.000418126831643e-28,-3.062286902351630e-28
 1.600113265082628e-28,-2.515437030229999e-28
 3.975985699232867e-29,-9.761540915549265e-29
 4.400988371055095e-29,-5.110564193104380e-29
 6.773896415366156e-29,-5.159642206626472e-29
 3.827326859200073e-30,-3.001329913806589e-29
 6.667325558162558e-29,1.855650139793309e-29
 -4.497964079001385e-30,-5.387404747309046e-29
 5.825174451522622e-29,-8.449081707323014e-29
 2.441965873805189e-29,3.709240381741171e-29
 1.918861634753436e-29,-3.535535506114894e-29
 4.954418248150210e-29,-5.706600249134796e-29
 1.973303665742521e-29,5.739539772466399e-29
 9.572741032646170e-30,-1.279205327401799e-30
 9.422846016615038e-30,1.096828397018514e-29
 -1.179941557598690e-29,7.860421879244656e-30
 1.062554205996003e-29,-1.469000653987845e-29
 -1.095271401300235e-31,-8.378521364991047e-30
 -9.953637828764612e-30,-5.890112312565162e-31
 3.192128490952084e-30,4.686581932993560e-30
 1.998061679556008e-29,-1.646503855217866e-29
 -5.423500046073257e-30,1.696572131190997e-30
 4.482941745576249e-30,7.768958461279882e-30
 8.530760509876703e-30,5.027688146421940e-31
 1.301151701960040e-29,9.939797624708452e-30
 -6.796230351383315e-31,-5.065451637436094e-30
 -4.991519512752590e-30,1.730392704543135e-29
 8.830153139368080e-30,7.032248905360418e-30
 -1.147414428572633e-30,1.129075611299391e-29
 -2.627786875569420e-30,1.439972065745669e-29
 4.348376029055257e-30,9.478192268734350e-30
 3.057571899696895e-30,8.410890108917287e-30
 -1.071349119211697e-29,1.553049141915533e-29
 -3.039727421105120e-30,9.842940670722168e-30
 1.437249567743386e-30,1.357486256311750e-29
 -1.164255495226733e-29,-3.663243470124920e-30
 4.930534537637559e-32,-4.812228685429549e-30
 -6.307188349272904e-30,-8.286462297170581e-30
 9.138350135624262e-30,2.742635214415171e-30
 1.362864937075271e-29,-1.297779730540230e-29
 -1.890556636331959e-31,-2.360814286170758e-29
 -4.693988826852888e-30,1.228824442738488e-29
 9.044957887658593e-31,-2.780121801552533e-29
 2.540459897416033e-30,-9.013010544759045e-30
 -1.764070653389257e-30,1.117262779059237e-29
 9.872727001928727e-30,-1.669434178170693e-29
 4.678530218226312e-30,-1.597065398956538e-29
 -2.863070182482246e-29,1.348304314006119e-29
 -2.958169149276604e-29,-1.568026073939227e-29
 -8.400453027980034e-30,-8.515953776395289e-30
 -1.276305591624857e-29,5.723554064284928e-30
 -5.036808846301606e-30,-9.908709214005848e-30
 -1.915539817976374e-29,3.482244869080633e-30
 -3.040923924855865e-29,4.429595927362915e-31
 -1.479944815967563e-29,-2.216027522389023e-30
 -2.867659176060547e-29,4.146811972147144e-30
 -9.034686293956643e-30,-6.073713082064051e-30
 -3.006198382631282e-30,-1.064703757966348e-29
 -1.826744582193564e-29,-1.092414491979784e-29
 -7.319147967964662e-30,-8.744472787401161e-30
 6.642682906919365e-30,-8.149494417537990e-30
 7.478944222203129e-31,-1.231808227269834e-29
 5.217714107531770e-30,-9.558329294489084e-30
 4.637963550991179e-30,-1.049635939066478e-29
 1.574667176626726e-29,-1.022266401650738e-29
 1.674281105800922e-29,-1.959215494131492e-29
 3.549271590336019e-30,-4.145341818179239e-30
 1.828402860626881e-29,-9.835255815678636e-30
 1.976127496796001e-29,-8.238927484826877e-32
 1.777005027163469e-29,-3.282449609141745e-30
 1.846273541865937e-29,1.301941184472908e-30
 7.451323225348469e-30,1.037774676671372e-29
 3.555096872830379e-30,9.303900799998570e-30
 8.548025721220891e-30,9.784682483266228e-30
 6.715271929992190e-30,1.439411474833648e-29
 -6.475220698565988e-30,9.074258024179943e-30
 1.976198270593762e-30,1.049801656515044e-29
 2.190745125717570e-30,-2.291781078308461e-30
 1.166255463587798e-29,1.449961020630418e-30
 7.438973595585972e-31,9.371656666728145e-30
 1.081260274751790e-29,2.331534697859912e-30
 1.344690892513664e-29,-2.701210259042583e-30
 4.183111983314246e-30,-6.156466719274583e-30
 -5.494424717888110e-30,-9.544009472805842e-31
 3.142317865453017e-30,-6.518409489151782e-30
 5.479032014263481e-30,-8.915530618257645e-30
 -5.493069953562303e-30,-1.165720917306811e-29
 -1.633662750582832e-29,-2.615148773601057e-30
 -3.494937097574697e-30,-1.167329591382492e-29
 9.651230269729203e-30,1.523517366056032e-30
 -9.572076624549693e-30,1.582902971322150e-30
 -1.175297873419173e-29,6.487436509419223e-30
 -1.267710914359026e-29,7.939604016064601e-31
 -1.389782764895124e-30,2.740322941542809e-30
 -7.894869592412146e-30,6.120387161070807e-30
 -1.847930027449922e-29,3.014565783137704e-30
 -5.907841835228138e-30,-2.806419835876680e-30
 3.649925256780529e-30,-5.429179259957157e-31
 -7.047378494084680e-30,-3.499355286788243e-30
 -7.309584500392570e-30,-5.006993278303145e-30
 -9.129712629564770e-31,4.620428469322653e-30
 1.419484240878666e-29,-9.444384439965384e-30
 3.359823090435384e-30,-1.163248817278929e-29
 -8.557475021532770e-31,-1.014786556063969e-29
 8.498068258926984e-30,-1.479172331050691e-29
 2.033810515919302e-29,-1.694868184221771e-29
 1.051998940449712e-29,-2.130235204968696e-29
 6.708922464454331e-30,-1.671582890711583e-29
 1.997866701068160e-29,-1.086000280792348e-29
 2.383785876970085e-29,-1.872080860460935e-29
 1.401579345283779e-29,-1.502658207137103e-29
 8.604860132065974e-31,3.255932371620795e-30
 6.588636807924779e-30,-4.331925099465078e-30
 1.301633178623493e-29,-1.527755926893704e-29
 5.552276405907216e-30,6.460517359102235e-30
 -1.153570060044195e-29,-9.266104988964347e-31
 -1.058122235265644e-30,6.529345568924834e-30
 4.044720161669629e-31,-5.222271535323736e-30
 1.159499515272864e-29,3.427341493603262e-30
 -1.587746487405248e-29,1.987060678312201e-29
 2.714107367164928e-30,5.709067433094978e-30
 5.410334117163930e-30,7.150077579048318e-30
 1.001594696676816e-29,-1.430403837753050e-30
 -1.334829833294288e-29,-8.173872734881319e-30
 6.702368172190026e-30,1.430715146116256e-30
 6.189651743691145e-30,-6.367792926594252e-30
 -2.632093891134552e-30,-6.911674356910721e-30
 -9.363388761239329e-30,-2.527431922371896e-30
 -3.836586200976680e-30,-5.064680163643946e-30
 1.165483759987864e-29,2.845620013871530e-31
 -2.447259081863532e-30,-2.850223627814316e-30
 -7.884690083337336e-30,5.886833712353342e-30
 -4.207838389711754e-30,2.707832644139547e-30
 6.959467534021920e-30,5.624019213937781e-31
 -4.205544934994283e-30,6.238868477143566e-30
 -1.064064858542885e-29,5.181142814939231e-30
 -1.913534052871327e-30,1.839253787046037e-30
 6.131240987904473e-30,1.899817525710310e-30
 -1.857063239032338e-30,4.262756891640852e-30
 -8.929606169334709e-30,3.418207470775932e-30
 -2.928440491983267e-30,6.380024762238671e-30
 1.385055657558996e-29,-1.336233460907306e-30
 -1.220395705788563e-30,-2.874227046251490e-30
 -7.286656122723791e-30,5.139583355500338e-31
 -2.285619588290429e-31,-3.272416275322584e-30
 1.176107711258419e-29,-4.981575901251377e-30
 5.673400207640525e-30,-1.252901382486529e-29
 -5.358510167261501e-30,-6.511635840954069e-30
 1.341181173870850e-29,-5.737979081565808e-30
 1.376118492548327e-29,-1.344943356643314e-29
 4.499582862901930e-30,-1.728021713769420e-29
 8.004134114511226e-30,-6.576073640718135e-30
 1.904245219150499e-30,-1.018079609473844e-30
 5.150631675536315e-30,1.695120186410858e-30
 2.157540829235264e-30,-4.791784028053894e-30
 -3.087797256827722e-29,-7.384621011749858e-30
 -4.899025199056336e-30,7.471439133571618e-30
 -1.525459188544747e-30,-1.815119431277059e-29
 -2.624994106736037e-29,-3.291884988357523e-29
 -1.317278482181370e-29,3.820308714938233e-29
 1.304709967301816e-30,6.401626710924250e-31
 3.105031161241082e-29,-2.830876451919432e-29
 1.278890582355041e-30,1.758279250606743e-29
 1.564394266218987e-30,-2.377709687287232e-29
 1.228684046063288e-29,-9.664874503690920e-30
 8.262886092333619e-30,-3.677203787094255e-29
 -2.827346801705819e-30,-9.962911371015852e-30
 9.302934173993851e-30,-2.445490314035307e-30
 1.166587116254459e-29,-1.196770371747886e-29
 -2.355227593445793e-30,2.526905839901431e-30
 1.233793061487185e-29,6.109630403293680e-31
 -2.564866097321757e-30,4.549022670302324e-30
 1.237628862522907e-29,-7.784447648789922e-31
 1.260867346281176e-29,-3.727136213575677e-32
 7.835034068986804e-30,6.829853520942919e-30
 2.799432148048432e-31,3.095267152612182e-30
 4.639344888012237e-30,3.075330626487202e-30
 1.038592201954954e-29,1.699366947456368e-30
 2.111184148506806e-30,4.234917129258568e-30
 -5.890397454946437e-30,6.379475238495268e-30
 1.343873361492326e-30,3.178919850949925e-30
 6.472537597007120e-30,8.392812503753715e-31
 -2.338460312938093e-30,1.777613361671349e-30
 -6.588206396722500e-30,3.200580269014247e-30
 -1.571346274410165e-30,2.204114713771041e-30
 4.581447628325478e-30,-2.280946598459923e-30
 -4.683948852083672e-31,-2.276934894377575e-30
 -7.398281902640141e-30,1.137268475627007e-30
 -1.700623681156661e-30,-2.663231767923562e-30
 6.015240438872658e-30,-4.462289631277803e-30
 3.917585792382511e-32,-4.578759885361386e-30
 -2.959063664811608e-30,-1.513148079448489e-30
 -9.183405114348181e-31,2.170460757376224e-31
 1.247505239923938e-30,-4.278101341610971e-30
 -2.487294873617883e-30,-4.881401674444963e-30
 -8.279695132407636e-30,-1.081630680710970e-29
 7.391842398367370e-30,-1.107733778630472e-30
 1.314330541229635e-30,-8.457026442565420e-30
 -3.548661295786050e-30,-1.565298232792375e-29
 8.909728371197871e-30,1.478379867333713e-29
 -1.611719400107502e-29,-2.031919613300167e-29
 1.124637972652349e-29,6.485098889265242e-30
 -4.184196414797611e-30,-2.200958505785304e-30
 -1.979442152074028e-29,-2.428295733867464e-29
 6.042258617298762e-30,1.079193031508432e-29
 -5.532964914014289e-30,-6.502687371536420e-31
 -3.640081887561799e-29,1.416518354829914e-31
 -4.801760917492257e-30,-1.892146540324978e-29
 1.886850525581058e-29,-2.657210083311137e-29
 9.666706214041430e-30,-2.578602695879320e-29
 -1.897269873345722e-30,-2.234433956088110e-29
 1.440159825515976e-29,-1.221433255622385e-29
 6.275500396742681e-30,-9.502201197596535e-30
 1.840487549350533e-29,3.196579964197142e-31
 3.942061507403272e-30,-7.417045260304774e-30
 3.956608066657881e-30,-5.426419605335278e-31
 1.141071155003931e-29,3.817781470087185e-30
 1.273154428133743e-29,5.707529039557912e-31
 8.094687788072853e-30,3.617086132399223e-30
 4.694678918725416e-30,7.989178259045170e-30
 9.523513707872005e-30,6.228528762984850e-30
 4.578576645803378e-30,5.061328462039009e-30
 1.262363405239765e-30,7.531555502834877e-30
 -7.808013320436293e-31,6.719468499821496e-30
 3.472671206389332e-31,6.872181663259257e-30
 1.710749585315666e-30,8.498654912884747e-31
 -3.874547259629893e-30,4.111221681040627e-30
 -1.398683530667998e-30,3.526669527327259e-30
 -1.342470384533720e-30,1.830314596649532e-30
 4.269542916330576e-31,8.708593173994684e-31
 9.897765297715113e-31,7.419713049164623e-31
 -1.552937832853658e-31,4.925314265419949e-31
 -1.534664163145922e-30,2.351658307533968e-31
 1.783611047213250e-30,-1.060769143519941e-30
 -8.873977984356769e-31,8.310287347834498e-31
 1.198387486315694e-31,-5.441512705603865e-31
 1.273252368813766e-30,-1.125540727294930e-30
 -5.174379815882049e-31,-7.222300707107659e-31
 2.258131206847854e-30,2.866161835900557e-31
 -4.886239106231371e-31,3.094741666776910e-30
 5.479032969859383e-31,5.768266804373189e-30
 2.640264354186940e-30,5.414832098307977e-30
 -4.818883357866802e-30,3.853872777113399e-30
 -8.328636323761577e-30,-7.511641925259594e-30
 -6.581591618634507e-30,-4.354431530355573e-30
 -4.192943725860002e-30,-4.700104661227568e-31
 -1.516642540265482e-29,-1.276473990877163e-29
 -3.387110197250115e-30,-6.926331779163016e-30
 2.398961919826822e-30,-5.675269016657868e-30
 1.199576970161006e-30,-1.141305236336835e-29
 3.621355630893048e-30,-1.902788243066435e-29
 5.505368380101502e-31,-1.588169623734300e-29
 3.211716801776403e-30,-9.104318942561363e-30
 4.609309969525959e-30,-1.466022941597916e-29
 5.885951391044872e-30,-1.094414981196339e-29
 5.710065101826816e-30,-8.727930973470258e-30
 1.181072903900710e-29,-7.133655007753885e-30
 1.082828247927757e-29,-3.867455459364212e-30
 9.637031754723596e-30,-5.051671947324668e-30
 9.737722625150018e-30,1.640638898350696e-31
 8.160930164920919e-30,3.528802087518184e-30
 3.598054647738669e-30,3.411774402482837e-30
 3.876223921640304e-30,4.603457544156260e-30
 3.324203927561164e-30,3.575096823533383e-30
 2.232657204384286e-30,5.480004536770542e-30
 4.393259955456212e-31,3.161012086018449e-30
 -2.761698488864096e-30,3.145540845137542e-30
 4.110542747406198e-30,2.431195169151379e-30
 1.450999359013796e-30,4.294002230042795e-30
 -4.266318848846933e-31,2.736390977254768e-30
 3.255482706843241e-30,2.638581826916160e-30
 3.431738444616677e-30,2.243938775656828e-30
 9.386132567933830e-31,1.496403661210030e-30
 -1.585901321394657e-31,2.921993001507172e-30
 2.155527280591493e-30,3.436497906257265e-30
 3.218496858666099e-30,-3.168898130050414e-31
 1.382700717340801e-30,2.435658558460783e-30
 -3.844200745066856e-31,1.964988006971313e-31
 4.077597884582621e-30,2.371043249781427e-30
 2.317644191536956e-30,2.254966573864744e-30
 1.898668396163280e-30,3.038359088222708e-30
 -1.340184118938092e-30,2.923200122470775e-30
 -8.250092297069156e-32,6.019764846470328e-32
 1.316105576791094e-32,-9.981070844299079e-31
 -1.089255914541328e-30,-5.166420551143262e-31
 -4.093999458752035e-30,-5.934799509994203e-31
 -2.506459341339437e-30,-4.150159870299070e-30
 -2.368007930048260e-30,-5.284849553330993e-30
 -1.331855486479562e-30,-5.402918424613928e-30
 -3.736159421739570e-30,-1.902134036687856e-31
 -3.674230677349195e-30,-4.920645046675049e-30
 -7.393367988434864e-32,-5.762629563446924e-30
 -2.510468033843734e-30,-7.215125291478805e-30
 -3.456825974918577e-30,-4.528228498832797e-30
 -4.409863889376804e-31,-5.729696283165314e-30
 2.464517524363229e-30,-8.915441074820125e-30
 2.645506564549720e-30,-7.178136238326821e-30
 3.235233233810646e-31,-3.337387003834168e-30
 2.288466533554614e-30,-5.951453602635183e-30
 6.440933507218068e-30,-6.262296827272851e-30
 4.693802325975785e-31,-3.916826539897914e-31
 1.399553512885314e-30,4.175704841338351e-31
 1.934996116874823e-30,-2.197037213622331e-30
 3.593108468742095e-30,-2.534702134786962e-30
 9.482687375107916e-31,-3.601193317229754e-31
 -1.348883402469017e-30,1.872791620590385e-30
 1.015501031070243e-30,-1.935528251900403e-30
 3.460398945776068e-30,-1.599678791696021e-30
 1.917030634530392e-30,3.028871219769819e-30
 -1.339491395123635e-30,1.130314148226922e-30
 1.644126776902786e-30,-3.252583606982803e-31
 3.164693889852310e-30,-1.802128756373075e-31
 -1.192301971394384e-30,1.185696983952285e-30
 3.072987809365081e-31,5.493308985710118e-30
 4.124574099215385e-31,3.534399243694300e-30
 5.148767471001209e-30,-6.903102689306286e-30
 -2.851777983304630e-30,-2.786747691619348e-30
 -5.059475676071615e-31,-2.338963109341737e-30
 -2.591408594114787e-30,-6.818162904021949e-31
 3.131981133450198e-31,-5.474210602628736e-30
 4.045684637880196e-30,-4.940973814456707e-30
 -8.280435501250640e-30,1.383534781375449e-31
 -5.252137421858675e-30,-1.947973036348221e-30
 -1.555480235470324e-30,-4.311640567564176e-30
 -4.656917543837850e-30,-2.012499108172709e-30
 -3.527639019498646e-30,-2.472966454646177e-30
 -5.761239383779351e-30,9.315731862348791e-34
 -2.016261451465781e-30,-3.306885405622320e-30
 -2.959740518489425e-30,-2.160414473727758e-30
 -6.283918201621064e-30,3.880721747020768e-30
 -2.940084604923000e-30,3.930804231855732e-32
 6.271319777784746e-31,-2.979772773567995e-31
 -3.381398964185798e-30,-5.152769409412888e-31
 -3.498075926517745e-30,1.518042126551725e-30
 -2.426756688070197e-30,1.048044663733691e-30
 9.075133389545229e-31,-2.038621214240266e-30
 -3.210544717435567e-31,-1.073764830393116e-30
 -2.869695567149028e-30,7.484298972743935e-31
 -4.943831538946846e-31,-9.047548540718160e-31
 2.611555596271468e-30,-3.458601336005821e-30
 -1.441924852878318e-30,-9.308084399387166e-31
 -6.579724732187205e-32,7.052933973191108e-31
 4.868199422640869e-31,-3.110034880435772e-30
 2.712924598834992e-30,-3.623517255046609e-30
 -4.263005511680320e-31,-2.083780383556929e-30
 -1.880766326013339e-30,5.897585869138545e-31
 2.030285552305146e-30,-2.750249354095613e-30
 1.278643530970766e-30,-1.753500116829191e-30
 -2.410409702963343e-31,2.801137580906692e-30
 -7.098040849448795e-31,1.793723901964014e-30
 -1.051585003305304e-30,8.662356223175416e-31
 1.576114073165968e-30,5.266558683375730e-30
 -2.795858868402103e-30,-2.506113970516070e-30
 -1.427836311539628e-30,-5.782911424619912e-30
 -5.386607797746850e-30,-1.648429101474145e-30
 7.790851227037916e-30,-1.931175211025512e-29
 -3.911961506391470e-30,-7.453994005656202e-30
 -1.152313536729537e-29,-9.380736227887715e-30
 -4.140829852743171e-30,-1.888434053061601e-29
 1.079252972973545e-29,-1.667442447320427e-29
 -4.723259068917971e-30,1.119594412285459e-29
 -5.398158769626133e-30,1.195245995937167e-29
 -2.608370410965100e-29,-5.969145185503132e-31
 -1.968792847134047e-29,8.662734471762350e-30
 -1.149113472444108e-30,2.322347122222457e-30
 -1.490712224485343e-29,6.982617147327472e-30
 -1.500778828940656e-30,-1.260031447876196e-30
 -1.676997573538580e-29,4.030774266886477e-30
 -1.090819071076694e-29,5.223645012193331e-30
 -7.927996979925085e-30,-2.868721661062659e-30
 -6.522079387710893e-30,1.784573218027588e-30
 -2.821380782225610e-30,-1.725672123819689e-31
 -7.710766747573350e-30,5.102762685085694e-30
 -4.271526261707705e-30,2.858612355123378e-30
 -4.352548973245457e-30,2.461716002243740e-30
 8.549511698132868e-32,5.323786997859121e-31
 -1.586913121352143e-30,9.988689928729297e-31
 -2.874551171595301e-30,9.170478094740426e-31
 -9.382204551126806e-31,1.038571716804331e-30
 2.917382686778564e-31,4.374671822932154e-31
 3.409897450275606e-31,7.635854282321541e-31
 -1.144448886915898e-30,5.766729085048724e-31
 -8.244830021369207e-32,-2.968946904336809e-31
 2.260587771661160e-30,-8.647407958306644e-32
 