9.594484070765051e+05
 9.515561326212953e+05
 9.317533362208673e+05
 9.003142389001676e+05
 8.576746640321503e+05
 8.044253723577573e+05
 7.413030428127013e+05
 6.691790452005664e+05
 5.890461861257161e+05
 5.020036426217732e+05
 4.092403280457199e+05
 3.120169614433164e+05
 2.116471340662891e+05
 1.094776843607969e+05
 6.868704913579057e+03
 -9.482648900433854e+04
 -1.942810999073156e+05
 -2.902139750376648e+05
 -3.814078106505294e+05
 -4.667261442015501e+05
 -5.451288704528312e+05
 -6.156860480040601e+05
 -6.775897973886845e+05
 -7.301641296435473e+05
 -7.728725841074544e+05
 -8.053235950825224e+05
 -8.272735479172838e+05
 -8.386275251620915e+05
 -8.394377819558042e+05
 -8.299000261198528e+05
 -8.103476120906173e+05
 -7.812437884634392e+05
 -7.431721662977883e+05
 -6.968255992578528e+05
 -6.429936869926262e+05
 -5.825491297711452e+05
 -5.164331751653273e+05
 -4.456404064009144e+05
 -3.712031267705165e+05
 -2.941755951372421e+05
 -2.156183640087844e+05
 -1.365829639473349e+05
 -5.809716629872841e+04
 1.884895943016100e+04
 9.331599644316590e+04
 1.644269650657085e+05
 2.313777910407021e+05
 2.934463351913148e+05
 3.499998905080183e+05
 4.005010820622004e+05
 4.445121345913776e+05
 4.816975014971328e+05
 5.118248767529319e+05
 5.347646373120017e+05
 5.504877875960014e+05
 5.590624991838316e+05
 5.606493576475802e+05
 5.554954444261021e+05
 5.439273945902502e+05
 5.263435813083444e+05
 5.032055847926296e+05
 4.750291075686532e+05
 4.423744991667999e+05
 4.058370519244910e+05
 3.660372256684414e+05
 3.236109527996942e+05
 2.792001669305107e+05
 2.334436879416629e+05
 1.869685843804768e+05
 1.403821207617841e+05
 9.426438284009260e+04
 4.916165857974836e+04
 5.580636657765413e+03
 -3.601653180802682e+04
 -7.521627870733077e+04
 -1.116567577236926e+05
 -1.450300777752109e+05
 -1.750836467304362e+05
 -2.016206542577582e+05
 -2.244997346550333e+05
 -2.436338611004324e+05
 -2.589885318587142e+05
 -2.705793165008817e+05
 -2.784688361178953e+05
 -2.827632558335973e+05
 -2.836083706821160e+05
 -2.811853671718300e+05
 -2.757063426956368e+05
 -2.674096634689090e+05
 -2.565552390002007e+05
 -2.434197873548591e+05
 -2.282921607953745e+05
 -2.114687959166836e+05
 -1.932493462839505e+05
 -1.739325489686521e+05
 -1.538123694078222e+05
 -1.331744618185845e+05
 -1.122929751171746e+05
 -9.142772704255130e+04
 -7.082176208451290e+04
 -5.069930196978513e+04
 -3.126409096040284e+04
 -1.269813214815242e+04
 4.839194644637509e+03
 2.121164776893248e+04
 3.630629029571266e+04
 5.003333084870754e+04
 6.232566453320670e+04
 7.313814229673865e+04
 8.244659895011212e+04
 9.024667135550456e+04
 9.655243897971183e+04
 1.013949191509479e+05
 1.048204489889254e+05
 1.068889851477355e+05
 1.076723512705716e+05
 1.072524614584421e+05
 1.057195461569334e+05
 1.031704047212926e+05
 9.970670658534503e+04
 9.543336048714773e+04
 9.045696864451354e+04
 8.488438017428365e+04
 7.882135545455155e+04
 7.237135057906366e+04
 6.563442858353452e+04
 5.870630176593389e+04
 5.167750720364818e+04
 4.463271551186644e+04
 3.765017100712993e+04
 3.080125975079154e+04
 2.415020045800875e+04
 1.775385197367999e+04
 1.166162993855976e+04
 5.915524394402298e+03
 5.502094010906371e+02
 -4.406764746629126e+03
 -8.934706420208675e+03
 -1.301945453036549e+04
 -1.665299720859965e+04
 -1.983304697602966e+04
 -2.256258179657301e+04
 -2.484936102140101e+04
 -2.670542474938738e+04
 -2.814658456995180e+04
 -2.919191303590974e+04
 -2.986323854969434e+04
 -3.018465165086260e+04
 -3.018202797944265e+04
 -2.988257247066935e+04
 -2.931438862311051e+04
 -2.850607598399408e+04
 -2.748635832139532e+04
 -2.628374431023010e+04
 -2.492622195392668e+04
 -2.344098740118973e+04
 -2.185420830124275e+04
 -2.019082137408852e+04
 -1.847436345634781e+04
 -1.672683491891848e+04
 -1.496859403993333e+04
 -1.321828065446975e+04
 -1.149276718964838e+04
 -9.807135028095618e+03
 -8.174674021664486e+03
 -6.606902897888464e+03
 -5.113608260633768e+03
 -3.702899880368095e+03
 -2.381279994788940e+03
 -1.153724393574034e+03
 -2.377313807811556e+01
 1.006371135735414e+03
 1.935739268480581e+03
 2.764487792143919e+03
 3.493788979815458e+03
 4.125720256217926e+03
 4.663154344909928e+03
 5.109651376059692e+03
 5.469354026994490e+03
 5.746886618357577e+03
 5.947258943401969e+03
 6.075775468242562e+03
 6.137950408026330e+03
 6.139429058996098e+03
 6.085915650113030e+03
 5.983107870854721e+03
 5.836638134412626e+03
 5.652021547988521e+03
 5.434610484289774e+03
 5.189555580555709e+03
 4.921772933299982e+03
 4.635917208109283e+03
 4.336360343874272e+03
 4.027175499277204e+03
 3.712125865662022e+03
 3.394657953995581e+03
 3.077898953863797e+03
 2.764657758714110e+03
 2.457429253199958e+03
 2.158401464879290e+03
 1.869465193032773e+03
 1.592225741393365e+03
 1.328016398537352e+03
 1.077913329019050e+03
 8.427515595248130e+02
 6.231417668930904e+02
 4.194875983485762e+02
 2.320032783400226e+02
 6.073128057418847e+01
 -9.444013209592966e+01
 -2.337596736462293e+02
 -3.575962574720219e+02
 -4.664228042598744e+02
 -5.608007427625568e+02
 -6.413652912250490e+02
 -7.088115886187559e+02
 -7.638817276012070e+02
 -8.073527252791029e+02
 -8.400254534428096e+02
 -8.627145369534122e+02
 -8.762392173989437e+02
 -8.814151689508543e+02
 -8.790472445096947e+02
 -8.699231226706868e+02
 -8.548078197009563e+02
 -8.344390255337179e+02
 -8.095232186643791e+02
 -7.807325117119881e+02
 -7.487021771846137e+02
 -7.140288016021240e+02
 -6.772690154687398e+02
 -6.389387465995380e+02
 -5.995129448870750e+02
 -5.594257276800437e+02
 -5.190708964637473e+02
 -4.788027774017670e+02
 -4.389373404679947e+02
 -3.997535542994218e+02
 -3.614949364736804e+02
 -3.243712616255843e+02
 -2.885603925968413e+02
 -2.542102026431289e+02
 -2.214405595437642e+02
 -1.903453452636591e+02
 -1.609944875556892e+02
 -1.334359825547778e+02
 -1.076978899765033e+02
 -8.379028498017193e+01
 -6.170715307398815e+01
 -4.142821662146580e+01
 -2.292068354185604e+01
 -6.140910687871054e+00
 8.964023884063353e+00
 2.245484394757657e+01
 3.439869620608397e+01
 4.486787093137458e+01
 5.393862246596485e+01
 6.169008890201597e+01
 6.820330937097684e+01
 7.356033661844018e+01
 7.784344189825343e+01
 8.113440868632976e+01
 8.351391128305335e+01
 8.506097402933041e+01
 8.585250661002769e+01
 8.596291073485315e+01
 8.546375337704292e+01
 8.442350170218592e+01
 8.290731482101742e+01
 8.097688755512526e+01
 7.869034149326504e+01
 7.610215874672555e+01
 7.326315396679030e+01
 7.022048036743901e+01
 6.701766569492267e+01
 6.369467430187087e+01
 6.028799170602166e+01
 5.683072824344930e+01
 5.335273866651585e+01
 4.988075476555360e+01
 4.643852833497530e+01
 4.304698203065913e+01
 3.972436589243119e+01
 3.648641752490934e+01
 3.334652413973487e+01
 3.031588486158138e+01
 2.740367189478721e+01
 2.461718932399702e+01
 2.196202849533475e+01
 1.944221907889143e+01
 1.706037506339022e+01
 1.481783506716232e+01
 1.271479647458958e+01
 1.075044302033793e+01
 8.923065546047059e+00
 7.230175747349576e+00
 5.668612809737257e+00
 4.234642907796533e+00
 2.924051603943776e+00
 1.732229240511341e+00
 6.542494661587497e-01
 -3.150589211942008e-01
 -1.181046596720997e+00
 -1.949184554028269e+00
 -2.625010904375591e+00
 -3.214083346944988e+00
 -3.721937011760015e+00
 -4.154047370322068e+00
 -4.515797905068697e+00
 -4.812452222578163e+00
 -5.049130304079730e+00
 -5.230788583238460e+00
 -5.362203553346752e+00
 -5.447958609869284e+00
 -5.492433845417764e+00
 -5.499798524088320e+00
 -5.474005975421654e+00
 -5.418790656944232e+00
 -5.337667151794790e+00
 -5.233930877146626e+00
 -5.110660295012559e+00
 -4.970720429693503e+00
 -4.816767510233045e+00
 -4.651254568123343e+00
 -4.476437835200417e+00
 -4.294383798856848e+00
 -4.106976782690198e+00
 -3.915926935633060e+00
 -3.722778518878727e+00
 -3.528918397767650e+00
 -3.335584647769238e+00
 -3.143875200973008e+00
 -2.954756463738260e+00
 -2.769071845278248e+00
 -2.587550147955618e+00
 -2.410813772649390e+00
 -2.239386703776907e+00
 -2.073702241359974e+00
 -1.914110455258903e+00
 -1.760885341854469e+00
 -1.614231665691844e+00
 -1.474291477224425e+00
 -1.341150297139026e+00
 -1.214842964119474e+00
 -1.095359143771220e+00
 -9.826485024580616e-01
 -8.766255464007096e-01
 -7.771741347771861e-01
 -6.841516729048372e-01
 -5.973929945682009e-01
 -5.167139428984373e-01
 -4.419146620492406e-01
 -3.727826105694885e-01
 -3.090953091198899e-01
 -2.506228342279783e-01
 -1.971300731374636e-01
 -1.483787512451185e-01
 -1.041292450265711e-01
 -6.414219551760300e-02
 -2.817993262122545e-02
 3.992274491695864e-03
 3.260513126915022e-02
 5.788438099130595e-02
 8.005000842719112e-02
 9.931557078983831e-02
 1.158876464819485e-01
 1.299653907000554e-01
 1.417401887862917e-01
 1.513953973857084e-01
 1.591061654470370e-01
 1.650393264536292e-01
 1.693533540839287e-01
 1.721983744391862e-01
 1.737162276240780e-01
 1.740405737621438e-01
 1.732970350882105e-01
 1.716033718682019e-01
 1.690696849488702e-01
 1.657986415728088e-01
 1.618857193656316e-01
 1.574194665064436e-01
 1.524817723274055e-01
 1.471481475909801e-01
 1.414880098063629e-01
 1.355649723337390e-01
 1.294371348649674e-01
 1.231573727250372e-01
 1.167736238865352e-01
 1.103291723683407e-01
 1.038629261841936e-01
 9.740968899145429e-02
 9.100042477301784e-02
 8.466251412301415e-02
 7.842000278745041e-02
 7.229383988693362e-02
 6.630210811375581e-02
 6.046024275873239e-02
 5.478124213536203e-02
 4.927586703490995e-02
 4.395283068413423e-02
 3.881897850685305e-02
 3.387945818698467e-02
 2.913787942425524e-02
 2.459646503958263e-02
 2.025619198488634e-02
 1.611692381374648e-02
 1.217753374470310e-02
 8.436020249489746e-03
 4.889613130675226e-03
 1.534873032153036e-03
 -1.632217390996752e-03
 -4.616169039204521e-03
 -7.421908936364836e-03
 -1.005470911083262e-02
 -1.252012171534635e-02
 -1.482392029588110e-02
 -1.697204553918828e-02
 -1.897055710838462e-02
 -2.082558989370049e-02
 -2.254331449839291e-02
 -2.412990294449908e-02
 -2.559149670793053e-02
 -2.693417981458916e-02
 -2.816395465757656e-02
 -2.928672103312861e-02
 -3.030825782352793e-02
 -3.123420796226914e-02
 -3.207006511446572e-02
 -3.282116300423488e-02
 -3.349266659496700e-02
 -3.408956524953460e-02
 -3.461666752103967e-02
 -3.507859729881381e-02
 -3.547979141555011e-02
 -3.582449852498453e-02
 -3.611677917601128e-02
 -3.636050631296160e-02
 -3.655936744281706e-02
 -3.671686678521732e-02
 -3.683632845015722e-02
 -3.692090011066869e-02
 -3.697355722673582e-02
 -3.699710740023537e-02
 -3.699419542801764e-02
 -3.696730828351910e-02
 -3.691878053777313e-02
 -3.685079996041546e-02
 -3.676541268658512e-02
 -3.666452968613859e-02
 -3.654993154938595e-02
 -3.642327490336542e-02
 -3.628609804461253e-02
 -3.613982608488520e-02
 -3.598577694392190e-02
 -3.582516700338650e-02
 -3.565911561731884e-02
 -3.548865127429927e-02
 -3.531471631965745e-02
 -3.513817180473590e-02
 -3.495980210321960e-02
 -3.478032039567434e-02
 -3.460037179298062e-02
 -3.442053884204795e-02
 -3.424134497747398e-02
 -3.406325858200877e-02
 -3.388669684849559e-02
 -3.371202946446427e-02
 -3.353958171174239e-02
 -3.336963791811452e-02
 -3.320244465751856e-02
 -3.303821344996334e-02
 -3.287712388760949e-02
 -3.271932565176668e-02
 -3.256494161515185e-02
 -3.241406997005940e-02
 -3.226678603889416e-02
 -3.212314489997353e-02
 -3.198318310276919e-02
 -3.184692004433562e-02
 -3.171436036217821e-02
 -3.158549519291744e-02
 -3.146030321911533e-02
 -3.133875294177648e-02
 -3.122080289271312e-02
 -3.110640356991672e-02
 -3.099549835402205e-02
 -3.088802408989275e-02
 -3.078391258769560e-02
 -3.068309106486316e-02
 -3.058548305485505e-02
 -3.049100912037378e-02
 -3.039958737380604e-02
 -3.031113429003115e-02
 -3.022556493275828e-02
 -3.014279393984335e-02
 -3.006273512831027e-02
 -2.998530276138486e-02
 -2.991041132476317e-02
 -2.983797597668043e-02
 -2.976791297849994e-02
 -2.970013975815784e-02
 -2.963457498163146e-02
 -2.957113938551735e-02
 -2.950975496968226e-02
 -2.945034591249718e-02
 -2.939283819004473e-02
 -2.933716007526060e-02
 -2.928324180189146e-02
 -2.923101611219188e-02
 -2.918041771947412e-02
 -2.913138374557806e-02
 -2.908385355230993e-02
 -2.903776897072637e-02
 -2.899307394961635e-02
 -2.894971482227204e-02
 -2.890764008313195e-02
 -2.886680077146869e-02
 -2.882714968802564e-02
 -2.878864198466230e-02
 -2.875123502956524e-02
 -2.871488820436136e-02
 -2.867956277892408e-02
 -2.864522222963112e-02
 -2.861183176129546e-02
 -2.857935851921307e-02
 -2.854777137823186e-02
 -2.851704089320355e-02
 -2.848713947442872e-02
 -2.845804101492919e-02
 -2.842972095819410e-02
 -2.840215642324966e-02
 -2.837532557269314e-02
 -2.834920839206243e-02
 -2.832378596936176e-02
 -2.829904046346336e-02
 -2.827495564855778e-02
 -2.825151613759669e-02
 -2.822870770737490e-02
 -2.820651721448878e-02
 -2.818493257498765e-02
 -2.816394236286025e-02
 -2.814353645507025e-02
 -2.812370526509067e-02
 -2.810444022829344e-02
 -2.808573323731594e-02
 -2.806757738404200e-02
 -2.804996584166730e-02
 -2.803289287534868e-02
 -2.801635320076685e-02
 -2.800034211881215e-02
 -2.798485549221667e-02
 -2.796988964114339e-02
 -2.795544129330715e-02
 -2.794150781374480e-02
 -2.792808680830613e-02
 -2.791517633096603e-02
 -2.790277481173569e-02
 -2.789088083233125e-02
 -2.787949378891084e-02
 -2.786861286984486e-02
 -2.785823764996247e-02
 -2.784836819146765e-02
 -2.783900437987861e-02
 -2.783014674459093e-02
 -2.782179584676395e-02
 -2.781395221579326e-02
 -2.780661702693707e-02
 -2.779979105311294e-02
 -2.779347574486480e-02
 -2.778767229862669e-02
 -2.778238208023923e-02
 -2.777760694788095e-02
 -2.777334833621391e-02
 -2.776960810871059e-02
 -2.776638800178853e-02
 -2.776368995832955e-02
 -2.776151606944624e-02
 -2.775986819596412e-02
 -2.775874857722653e-02
 -2.775815929375814e-02
 -2.775810255578557e-02
 -2.775858049942001e-02
 -2.775959537326925e-02
 -2.776114950865913e-02
 -2.776324519059337e-02
 -2.776588467231195e-02
 -2.776907033808029e-02
 -2.777280444577057e-02
 -2.777708940280925e-02
 -2.778192757294765e-02
 -2.778732116641236e-02
 -2.779327274283108e-02
 -2.779978446213782e-02
 -2.780685874896439e-02
 -2.781449801735469e-02
 -2.782270448018230e-02
 -2.783148048266968e-02
 -2.784082840709701e-02
 -2.785075051927741e-02
 -2.786124921737292e-02
 -2.787232670896315e-02
 -2.788398534456454e-02
 -2.789622734234462e-02
 -2.790905505281981e-02
 -2.792247056180875e-02
 -2.793647633629490e-02
 -2.795107459973973e-02
 -2.796626750148937e-02
 -2.798205733912067e-02
 -2.799844629903743e-02
 -2.801543674763794e-02
 -2.803303080250458e-02
 -2.805123075062631e-02
 -2.807003884722834e-02
 -2.808945724959771e-02
 -2.810948844854069e-02
 -2.813013453252287e-02
 -2.815139776404869e-02
 -2.817328061473380e-02
 -2.819578528487863e-02
 -2.821891425801026e-02
 -2.824266987405720e-02
 -2.826705458676803e-02
 -2.829207079430476e-02
 -2.831772113305746e-02
 -2.834400805942167e-02
 -2.837093443213359e-02
 -2.839850278170414e-02
 -2.842671600922117e-02
 -2.845557689930549e-02
 -2.848508850127572e-02
 -2.851525373739552e-02
 -2.854607599579669e-02
 -2.857755849520441e-02
 -2.860970447551972e-02
 -2.864251793897329e-02
 -2.867600227369690e-02
 -2.871016150309707e-02
 -2.874499977763523e-02
 -2.878052135365193e-02
 -2.881673063571851e-02
 -2.885363264779914e-02
 -2.889123208563271e-02
 -2.892953437552405e-02
 -2.896854516083016e-02
 -2.900827010873086e-02
 -2.904871554815044e-02
 -2.908988798668424e-02
 -2.913179440441312e-02
 -2.917444218375862e-02
 -2.921783904860242e-02
 -2.926199316090107e-02
 -2.930691334567908e-02
 -2.935260875089229e-02
 -2.939908930270805e-02
 -2.944636531375248e-02
 -2.949444781662973e-02
 -2.954334847921864e-02
 -2.959307969996398e-02
 -2.964365438553029e-02
 -2.969508658607657e-02
 -2.974739093409700e-02
 -2.980058301499779e-02
 -2.985467926121813e-02
 -2.990969707928508e-02
 -2.996565489216525e-02
 -3.002257209691313e-02
 -3.008046933995680e-02
 -3.013936828416390e-02
 -3.019929175707235e-02
 -3.026026407911564e-02
 -3.032231071422177e-02
 -3.038545853451097e-02
 -3.044973557677380e-02
 -3.051517190009198e-02
 -3.058179863822028e-02
 -3.064964871691754e-02
 -3.071875672441020e-02
 -3.078915870674782e-02
 -3.086089282326097e-02
 -3.093399875463083e-02
 -3.100851817223143e-02
 -3.108449477237491e-02
 -3.116197396661519e-02
 -3.124100322056102e-02
 -3.132163215975521e-02
 -3.140391241085590e-02
 -3.148789759104866e-02
 -3.157364364685963e-02
 -3.166120862122153e-02
 -3.175065244171538e-02
 -3.184203764054853e-02
 -3.193542857104912e-02
 -3.203089176765517e-02
 -3.212849605179364e-02
 -3.222831191778157e-02
 -3.233041214692494e-02
 -3.243487159576049e-02
 -3.254176643372597e-02
 -3.265117490548991e-02
 -3.276317703448998e-02
 -3.287785388177925e-02
 -3.299528790601513e-02
 -3.311556276228907e-02
 -3.323876273567327e-02
 -3.336497284445285e-02
 -3.349427816646990e-02
 -3.362676391191544e-02
 -3.376251473246811e-02
 -3.390161448306621e-02
 -3.404414555354573e-02
 -3.419018875084982e-02
 -3.433982224553163e-02
 -3.449312135999597e-02
 -3.465015773205436e-02
 -3.481099834083711e-02
 -3.497570521033178e-02
 -3.514433430824035e-02
 -3.531693429660566e-02
 -3.549354591771245e-02
 -3.567420080622991e-02
 -3.585891991207966e-02
 -3.604771301377634e-02
 -3.624057627408112e-02
 -3.643749165760803e-02
 -3.663842499217147e-02
 -3.684332391862417e-02
 -3.705211675328748e-02
 -3.726471004776847e-02
 -3.748098651585925e-02
 -3.770080312194324e-02
 -3.792398862610925e-02
 -3.815034078619235e-02
 -3.837962432189627e-02
 -3.861156751683885e-02
 -3.884585994004170e-02
 -3.908214878846836e-02
 -3.932003590613425e-02
 -3.955907453312141e-02
 -3.979876548950479e-02
 -4.003855362633391e-02
 -4.027782369469278e-02
 -4.051589681415577e-02
 -4.075202574749760e-02
 -4.098539080292336e-02
 -4.121509540025631e-02
 -4.144016118997262e-02
 -4.165952354283356e-02
 -4.187202627997991e-02
 -4.207641714952579e-02
 -4.227134225652604e-02
 -4.245534089974844e-02
 -4.262684065639074e-02
 -4.278415160725103e-02
 -4.292546114849067e-02
 -4.304882884449003e-02
 -4.315218084425527e-02
 -4.323330466728790e-02
 -4.328984441136566e-02
 -4.331929508052363e-02
 -4.331899861208513e-02
 -4.328613905357834e-02
 -4.321773800964467e-02
 -4.311065137670200e-02
 -4.296156563804397e-02
 -4.276699522199067e-02
 -4.252328005004247e-02
 -4.222658414680306e-02
 -4.187289480006026e-02
 -4.145802328746417e-02
 -4.097760503104448e-02
 -4.042710295424034e-02
 -3.980181053370045e-02
 -3.909685724527481e-02
 -3.830721454635032e-02
 -3.742770531911011e-02
 -3.645301305587793e-02
 -3.537769470936896e-02
 -3.419619554951537e-02
 -3.290286593753106e-02
 -3.149198127006345e-02
 -2.995776483998402e-02
 -2.829441383814918e-02
 -2.649612856147852e-02
 -2.455714574287412e-02
 -2.247177507141006e-02
 -2.023444087024112e-02
 -1.783972759600329e-02
 -1.528243071931362e-02
 -1.255761179711120e-02
 -9.660660235338457e-03
 -6.587359877207831e-03
 -3.333961819166714e-03
 1.027363295455064e-04
 3.725303848697369e-03
 7.535584527844722e-03
 1.153459577101687e-02
 1.572242084337231e-02
 2.009809244420408e-02
 2.465946879478762e-02
 2.940310039546603e-02
 3.432408911675615e-02
 3.941593691959508e-02
 4.467038678917012e-02
 5.007725346134001e-02
 5.562424527043021e-02
 6.129677611850658e-02
 6.707776887902833e-02
 7.294744823376492e-02
 7.888312539937252e-02
 8.485897358954760e-02
 9.084579480568074e-02
 9.681077865481279e-02
 1.027172535337067e-01
 1.085244311054769e-01
 1.141871448999281e-01
 1.196555836993470e-01
 1.248750209961792e-01
 1.297855428466368e-01
 1.343217736331942e-01
 1.384126040981904e-01
 1.419809214526623e-01
 1.449433450703013e-01
 1.472099699847013e-01
 1.486841212339220e-01
 1.492621214981754e-01
 1.488330766575537e-01
 1.472786821761793e-01
 1.444730546538213e-01
 1.402825939554015e-01
 1.345658788935931e-01
 1.271736047919044e-01
 1.179485656758112e-01
 1.067256895252092e-01
 9.333213230036519e-02
 7.758743852877585e-02
 5.930377516037662e-02
 3.828624773317722e-02
 1.433330706554323e-02
 -1.276274406457659e-02
 -4.321513583608782e-02
 -7.724189563605049e-02
 -1.150649843931224e-01
 -1.569092906465248e-01
 -2.030014737690282e-01
 -2.535686435167031e-01
 -3.088368637928642e-01
 -3.690294698847719e-01
 -4.343651849429369e-01
 -5.050560238128042e-01
 -5.813049743402933e-01
 -6.633034389987781e-01
 -7.512284296165512e-01
 -8.452394996352469e-01
 -9.454754058894685e-01
 -1.052050486079807e+00
 -1.165050745364159e+00
 -1.284529640939442e+00
 -1.410503558816840e+00
 -1.542946976173118e+00
 -1.681787305503419e+00
 -1.826899418346805e+00
 -1.978099849939761e+00
 -2.135140686438826e+00
 -2.297703142674434e+00
 -2.465390839086297e+00
 -2.637722791816376e+00
 -2.814126134572990e+00
 -2.993928593711873e+00
 -3.176350745926225e+00
 -3.360498091595924e+00
 -3.545352984268196e+00
 -3.729766461930099e+00
 -3.912450036707583e+00
 -4.091967501293442e+00
 -4.266726826992472e+00
 -4.434972228515649e+00
 -4.594776487500526e+00
 -4.744033632812485e+00
 -4.880452086502366e+00
 -5.001548397329665e+00
 -5.104641693533173e+00
 -5.186848998410556e+00
 -5.245081566297344e+00
 -5.276042406488458e+00
 -5.276225178908415e+00
 -5.241914653234953e+00
 -5.169188942040509e+00
 -5.053923725241996e+00
 -4.891798700746384e+00
 -4.678306504173500e+00
 -4.408764353555298e+00
 -4.078328686806333e+00
 -3.682013065075358e+00
 -3.214709627549898e+00
 -2.671214386782315e+00
 -2.046256659442486e+00
 -1.334532928450391e+00
 -5.307454341571874e-01
 3.703542142153302e-01
 1.373916117636289e+00
 2.484937584528406e+00
 3.708202781872781e+00
 5.048216300636076e+00
 6.509130415460916e+00
 8.094665855660399e+00
 9.808025932594381e+00
 1.165180391898840e+01
 1.362788362136875e+01
 1.573733314722313e+01
 1.798029193384478e+01
 2.035585118069573e+01
 2.286192791191301e+01
 2.549513298987715e+01
 2.825063350170796e+01
 3.112201005852279e+01
 3.410110967028695e+01
 3.717789499333621e+01
 4.034029089628442e+01
 4.357402944567911e+01
 4.686249458047595e+01
 5.018656792504642e+01
 5.352447737355694e+01
 5.685165028124965e+01
 6.014057330049020e+01
 6.336066111289554e+01
 6.647813652760625e+01
 6.945592464028462e+01
 7.225356397050699e+01
 7.482713772313424e+01
 7.712922854218347e+01
 7.910890034112421e+01
 8.071171100968556e+01
 8.187975998868986e+01
 8.255177488721834e+01
 8.266324148251744e+01
 8.214658157205716e+01
 8.093138325595510e+01
 7.894468829807057e+01
 7.611134123918893e+01
 7.235440491195604e+01
 6.759564693641153e+01
 6.175610163074042e+01
 5.475671156332358e+01
 4.651905269031700e+01
 3.696614664714041e+01
 2.602336330402658e+01
 1.361941613037773e+01
 -3.125477582593503e-01
 -1.583376177936167e+01
 -3.299855810777859e+01
 -5.185299079685156e+01
 -7.243336581805103e+01
 -9.476468134714928e+01
 -1.188589830760693e+02
 -1.447136409188478e+02
 -1.723095552263730e+02
 -2.016093025001001e+02
 -2.325552326259628e+02
 -2.650675318085330e+02
 -2.990422676760977e+02
 -3.343494354358868e+02
 -3.708310264718479e+02
 -4.082991433780265e+02
 -4.465341880897603e+02
 -4.852831524859615e+02
 -5.242580435617247e+02
 -5.631344779803395e+02
 -6.015504834646582e+02
 -6.391055470486086e+02
 -6.753599526191146e+02
 -7.098344524039644e+02
 -7.420103190254665e+02
 -7.713298264079398e+02
 -7.971972091072646e+02
 -8.189801504784692e+02
 -8.360118504231206e+02
 -8.475937231974929e+02
 -8.529987748298496e+02
 -8.514757080162858e+02
 -8.422537998518816e+02
 -8.245485943385239e+02
 -7.975684471951167e+02
 -7.605219550249817e+02
 -7.126262942769097e+02
 -6.531164876153707e+02
 -5.812556062327245e+02
 -4.963459062332851e+02
 -3.977408854688246e+02
 -2.848582340784624e+02
 -1.571936374737722e+02
 -1.433537462859773e+01
 1.440203626911935e+02
 3.180535226259065e+02
 5.078037304262062e+02
 7.131534435371772e+02
 9.338108796827574e+02
 1.169292895589034e+03
 1.418908017069753e+03
 1.681739844589340e+03
 1.956631081851808e+03
 2.242168458090094e+03
 2.536668837208185e+03
 2.838166828331483e+03
 3.144404232227108e+03
 3.452821675968482e+03
 3.760552803631899e+03
 4.064421403178764e+03
 4.360941858415158e+03
 4.646323319444009e+03
 4.916477984714688e+03
 5.167033882009217e+03
 5.393352523866981e+03
 5.590551794428802e+03
 5.753534398886658e+03
 5.877022173096502e+03
 5.955596508955576e+03
 5.983745100390629e+03
 5.955915154902757e+03
 5.866573146272118e+03
 5.710271105084371e+03
 5.481719355151791e+03
 5.175865505775326e+03
 4.787979402389047e+03
 4.313743621890721e+03
 3.749348974536631e+03
 3.091594342501814e+03
 2.337990047166406e+03
 1.486863794178501e+03
 5.374680989250664e+02
 -5.099120529893952e+02
 -1.653852703250390e+03
 -2.891687114168119e+03
 -4.219406335243662e+03
 -5.631565951867714e+03
 -7.121200945495028e+03
 -8.679750700840174e+03
 -1.029699628426283e+04
 -1.196101218507842e+04
 -1.365813475449880e+04
 -1.537294959168360e+04
 -1.708830010941739e+04
 -1.878531945974623e+04
 -2.044348790919394e+04
 -2.204071762086732e+04
 -2.355346662408611e+04
 -2.495688352878031e+04
 -2.622498426992612e+04
 -2.733086184546525e+04
 -2.824692963885464e+04
 -2.894519849481485e+04
 -2.939758724498390e+04
 -2.957626586102001e+04
 -2.945402984920995e+04
 -2.900470389689553e+04
 -2.820357214224644e+04
 -2.702783177147837e+04
 -2.545706595915236e+04
 -2.347373146651716e+04
 -2.106365551000880e+04
 -1.821653581818779e+04
 -1.492643712286592e+04
 -1.119227669225924e+04
 -7.018290924857230e+03
 -2.414474497250972e+03
 2.603016887170087e+03
 8.011509453191853e+03
 1.378150955768999e+04
 1.987646680217713e+04
 2.625261168668871e+04
 3.285887725509649e+04
 3.963691383069111e+04
 4.652120540957205e+04
 5.343929555857467e+04
 6.031212974706594e+04
 6.705451992356870e+04
 7.357573582758641e+04
 7.978022600633715e+04
 8.556846979130313e+04
 9.083795959046709e+04
 9.548431078300702e+04
 9.940249428258941e+04
 1.024881844862691e+05
 1.046392128758940e+05
 1.057571150197882e+05
 1.057487561706205e+05
 1.045280181110689e+05
 1.020175274062413e+05
 9.815040282817053e+04
 9.287199747321803e+04
 8.614160905019799e+04
 7.793413002918128e+04
 6.824160786251411e+04
 5.707468437445903e+04
 4.446388271643483e+04
 3.046071005086191e+04
 1.513854440400330e+04
 -1.406725042383544e+03
 -1.905633353518068e+04
 -3.766857949648175e+04
 -5.707909106206003e+04
 -7.710144174838453e+04
 -9.752813266177323e+04
 -1.181319541279344e+05
 -1.386677345039059e+05
 -1.588744782824499e+05
 -1.784778894703945e+05
 -1.971932696901018e+05
 -2.147287736031215e+05
 -2.307889971853800e+05
 -2.450788672031277e+05
 -2.573077930669921e+05
 -2.671940352043406e+05
 -2.744692373201051e+05
 -2.788830635496546e+05
 -2.802078756825786e+05
 -2.782433804917613e+05
 -2.728211728742773e+05
 -2.638090971318625e+05
 -2.511153464153242e+05
 -2.346922192473208e+05
 -2.145394522287267e+05
 -1.907070496191244e+05
 -1.632975335390567e+05
 -1.324675431277514e+05
 -9.842871713860516e+04
 -6.144780217167307e+04
 -2.184593800217171e+04
 2.000291779397329e+04
 6.367445159060069e+04
 1.086973541391554e+05
 1.545575775358606e+05
 2.007034713002045e+05
 2.465517642490007e+05
 2.914943426484188e+05
 3.349057589179655e+05
 3.761513892685686e+05
 4.145961434111753e+05
 4.496136151985807e+05
 4.805955500747129e+05
 5.069614937941114e+05
 5.281684773036299e+05
 5.437205851794590e+05
 5.531782497812292e+05
 5.561671104816942e+05
 5.523862770819543e+05
 5.416158389239089e+05
 5.237234663309405e+05
 4.986699588858666e+05
 4.665136057073416e+05
 4.274132362995737e+05
 3.816298566799593e+05
 3.295267842487379e+05
 2.715682161168904e+05
 2.083161891539696e+05
 1.404259155841400e+05
 6.863950519264875e+04
 -6.221886333665927e+03
 -8.326741424408765e+04
 -1.615473087866313e+05
 -2.400649198372425e+05
 -3.177898879927293e+05
 -3.936722625491539e+05
 -4.666573639660252e+05
 -5.357011688766688e+05
 -5.997859799851383e+05
 -6.579361317136101e+05
 -7.092334755223743e+05
 -7.528323865680330e+05
 -7.879740358081660e+05
 -8.139996786932161e+05
 -8.303627229987325e+05
 -8.366393538607392e+05
 -8.325375133585439e+05
 -8.179040547021612e+05
 -7.927299168913629e+05
 -7.571531943039971e+05
 -7.114600067456538e+05
 -6.560831087626569e+05
 -5.915982121857181e+05
 -5.187180325936073e+05
 -4.382841082579084e+05
 -3.512564786494813e+05
 -2.587013481392800e+05
 -1.617768983756291e+05
 -6.171744912151492e+04
 4.018379884069066e+04
 1.425931747553230e+05
 2.441558129437632e+05
 3.435154812436113e+05
 4.393346375990934e+05
 5.303143815484330e+05
 6.152139662667512e+05
 6.928695427295220e+05
 7.622118202623995e+05
 8.222823467940772e+05
 8.722481368787797e+05
 9.114144052002295e+05
 9.392351969154484e+05
 9.553217429247790e+05
 