0.000000000000000e+00,0.000000000000000e+00
 0.000000000000000e+00,0.000000000000000e+00
 0.000000000000000e+00,0.000000000000000e+00
 0.000000000000000e+00,0.000000000000000e+00
 0.000000000000000e+00,0.000000000000000e+00
 0.000000000000000e+00,0.000000000000000e+00
 0.000000000000000e+00,0.000000000000000e+00
 0.000000000000000e+00,0.000000000000000e+00
 0.000000000000000e+00,0.000000000000000e+00
 0.000000000000000e+00,0.000000000000000e+00
 0.000000000000000e+00,0.000000000000000e+00
 0.000000000000000e+00,0.000000000000000e+00
 0.000000000000000e+00,0.000000000000000e+00
 0.000000000000000e+00,0.000000000000000e+00
 0.000000000000000e+00,0.000000000000000e+00
 0.000000000000000e+00,0.000000000000000e+00
 0.000000000000000e+00,0.000000000000000e+00
 0.000000000000000e+00,0.000000000000000e+00
 0.000000000000000e+00,0.000000000000000e+00
 0.000000000000000e+00,0.000000000000000e+00
 0.000000000000000e+00,0.000000000000000e+00
 0.000000000000000e+00,0.000000000000000e+00
 0.000000000000000e+00,0.000000000000000e+00
 0.000000000000000e+00,0.000000000000000e+00
 0.000000000000000e+00,0.000000000000000e+00
 0.000000000000000e+00,0.000000000000000e+00
 0.000000000000000e+00,0.000000000000000e+00
 0.000000000000000e+00,0.000000000000000e+00
 0.000000000000000e+00,0.000000000000000e+00
 0.000000000000000e+00,0.000000000000000e+00
 0.000000000000000e+00,0.000000000000000e+00
 0.000000000000000e+00,0.000000000000000e+00
 0.000000000000000e+00,0.000000000000000e+00
 0.000000000000000e+00,0.000000000000000e+00
 0.000000000000000e+00,0.000000000000000e+00
 0.000000000000000e+00,0.000000000000000e+00
 0.000000000000000e+00,0.000000000000000e+00
 0.000000000000000e+00,0.000000000000000e+00
 0.000000000000000e+00,0.000000000000000e+00
 0.000000000000000e+00,0.000000000000000e+00
 0.000000000000000e+00,0.000000000000000e+00
 0.000000000000000e+00,0.000000000000000e+00
 0.000000000000000e+00,0.000000000000000e+00
 0.000000000000000e+00,0.000000000000000e+00
 0.000000000000000e+00,0.000000000000000e+00
 0.000000000000000e+00,0.000000000000000e+00
 0.000000000000000e+00,0.000000000000000e+00
 0.000000000000000e+00,0.000000000000000e+00
 0.000000000000000e+00,0.000000000000000e+00
 0.000000000000000e+00,0.000000000000000e+00
 0.000000000000000e+00,0.000000000000000e+00
 0.000000000000000e+00,0.000000000000000e+00
 0.000000000000000e+00,0.000000000000000e+00
 0.000000000000000e+00,0.000000000000000e+00
 0.000000000000000e+00,0.000000000000000e+00
 0.000000000000000e+00,0.000000000000000e+00
 0.000000000000000e+00,0.000000000000000e+00
 0.000000000000000e+00,0.000000000000000e+00
 0.000000000000000e+00,0.000000000000000e+00
 0.000000000000000e+00,0.000000000000000e+00
 0.000000000000000e+00,0.000000000000000e+00
 0.000000000000000e+00,0.000000000000000e+00
 0.000000000000000e+00,0.000000000000000e+00
 0.000000000000000e+00,0.000000000000000e+00
 0.000000000000000e+00,0.000000000000000e+00
 0.000000000000000e+00,0.000000000000000e+00
 0.000000000000000e+00,0.000000000000000e+00
 0.000000000000000e+00,0.000000000000000e+00
 0.000000000000000e+00,0.000000000000000e+00
 0.000000000000000e+00,0.000000000000000e+00
 0.000000000000000e+00,0.000000000000000e+00
 0.000000000000000e+00,0.000000000000000e+00
 0.000000000000000e+00,0.000000000000000e+00
 0.000000000000000e+00,0.000000000000000e+00
 0.000000000000000e+00,0.000000000000000e+00
 0.000000000000000e+00,0.000000000000000e+00
 0.000000000000000e+00,0.000000000000000e+00
 0.000000000000000e+00,0.000000000000000e+00
 0.000000000000000e+00,0.000000000000000e+00
 0.000000000000000e+00,0.000000000000000e+00
 0.000000000000000e+00,0.000000000000000e+00
 0.000000000000000e+00,0.000000000000000e+00
 0.000000000000000e+00,0.000000000000000e+00
 0.000000000000000e+00,0.000000000000000e+00
 0.000000000000000e+00,0.000000000000000e+00
 0.000000000000000e+00,0.000000000000000e+00
 0.000000000000000e+00,0.000000000000000e+00
 0.000000000000000e+00,0.000000000000000e+00
 0.000000000000000e+00,0.000000000000000e+00
 0.000000000000000e+00,0.000000000000000e+00
 0.000000000000000e+00,0.000000000000000e+00
 0.000000000000000e+00,0.000000000000000e+00
 0.000000000000000e+00,0.000000000000000e+00
 0.000000000000000e+00,0.000000000000000e+00
 0.000000000000000e+00,0.000000000000000e+00
 0.000000000000000e+00,0.000000000000000e+00
 0.000000000000000e+00,0.000000000000000e+00
 0.000000000000000e+00,0.000000000000000e+00
 0.000000000000000e+00,0.000000000000000e+00
 0.000000000000000e+00,0.000000000000000e+00
 0.000000000000000e+00,0.000000000000000e+00
 0.000000000000000e+00,0.000000000000000e+00
 0.000000000000000e+00,0.000000000000000e+00
 0.000000000000000e+00,0.000000000000000e+00
 0.000000000000000e+00,0.000000000000000e+00
 0.000000000000000e+00,0.000000000000000e+00
 0.000000000000000e+00,0.000000000000000e+00
 0.000000000000000e+00,0.000000000000000e+00
 0.000000000000000e+00,0.000000000000000e+00
 0.000000000000000e+00,0.000000000000000e+00
 0.000000000000000e+00,0.000000000000000e+00
 0.000000000000000e+00,0.000000000000000e+00
 0.000000000000000e+00,0.000000000000000e+00
 0.000000000000000e+00,0.000000000000000e+00
 0.000000000000000e+00,0.000000000000000e+00
 0.000000000000000e+00,0.000000000000000e+00
 0.000000000000000e+00,0.000000000000000e+00
 0.000000000000000e+00,0.000000000000000e+00
 0.000000000000000e+00,0.000000000000000e+00
 0.000000000000000e+00,0.000000000000000e+00
 0.000000000000000e+00,0.000000000000000e+00
 0.000000000000000e+00,0.000000000000000e+00
 0.000000000000000e+00,0.000000000000000e+00
 0.000000000000000e+00,0.000000000000000e+00
 0.000000000000000e+00,0.000000000000000e+00
 0.000000000000000e+00,0.000000000000000e+00
 0.000000000000000e+00,0.000000000000000e+00
 0.000000000000000e+00,0.000000000000000e+00
 0.000000000000000e+00,0.000000000000000e+00
 0.000000000000000e+00,0.000000000000000e+00
 0.000000000000000e+00,0.000000000000000e+00
 0.000000000000000e+00,0.000000000000000e+00
 0.000000000000000e+00,0.000000000000000e+00
 0.000000000000000e+00,0.000000000000000e+00
 0.000000000000000e+00,0.000000000000000e+00
 0.000000000000000e+00,0.000000000000000e+00
 0.000000000000000e+00,0.000000000000000e+00
 0.000000000000000e+00,0.000000000000000e+00
 0.000000000000000e+00,0.000000000000000e+00
 0.000000000000000e+00,0.000000000000000e+00
 0.000000000000000e+00,0.000000000000000e+00
 0.000000000000000e+00,0.000000000000000e+00
 0.000000000000000e+00,0.000000000000000e+00
 0.000000000000000e+00,0.000000000000000e+00
 0.000000000000000e+00,0.000000000000000e+00
 0.000000000000000e+00,0.000000000000000e+00
 0.000000000000000e+00,0.000000000000000e+00
 0.000000000000000e+00,0.000000000000000e+00
 5.406389600420320e-271,-6.754771766733068e-274
 1.507466892541796e-270,-1.886837023055797e-273
 7.471281346112780e-270,-9.368444324306464e-273
 3.601064145335398e-269,-4.523676663140274e-272
 1.737146525437089e-268,-2.186190457191231e-271
 8.393240122229881e-268,-1.058216623105205e-270
 4.058256598180676e-267,-5.126020968664959e-270
 1.962139697776362e-266,-2.482957620516898e-269
 9.484992904095869e-266,-1.202478926700861e-268
 4.584248084278705e-265,-5.822536781240733e-268
 2.215268119407669e-264,-2.818880620075256e-267
 1.070313143734537e-263,-1.364489210686763e-266
 5.170369647179368e-263,-6.603775709447873e-266
 2.497227668737560e-262,-3.195530418901497e-265
 1.205924604246944e-261,-1.546043480454219e-264
 5.822470625399906e-261,-7.478736410728535e-264
 2.810730749678994e-260,-3.617113959127940e-263
 1.356611913052352e-259,-1.749134729947205e-262
 6.546604469564792e-259,-8.456898201224879e-262
 3.158641396157502e-258,-4.088136338422420e-261
 1.523729703785905e-257,-1.975903473989924e-260
 7.349174851047527e-257,-9.548426717203473e-260
 3.543985235637744e-256,-4.613423325661425e-259
 1.708706787130391e-255,-2.228639575888073e-258
 8.236925516463795e-255,-1.076418271200927e-257
 3.969943458109048e-254,-5.198123815583158e-257
 1.913042964935277e-253,-2.509782912047872e-256
 9.216923348796788e-253,-1.211572244614357e-255
 4.439843924348349e-252,-5.847708701597479e-255
 2.138304406749922e-251,-2.821922209044988e-254
 1.029653451478649e-250,-1.361528916267559e-253
 4.957148943261162e-250,-6.567965393969590e-253
 2.386117423164526e-249,-3.167791756386625e-252
 1.148339290636544e-248,-1.527579421656614e-251
 5.525439349560528e-248,-7.364987306269724e-251
 2.658160465048790e-247,-3.550265675595146e-250
 1.278536008485915e-246,-1.711078635254831e-249
 6.148394516456336e-246,-8.245157601803556e-249
 2.956154180459522e-245,-3.972349412888764e-248
 1.421047595542038e-244,-1.913440757109861e-247
 6.829767949663524e-244,-9.215126469418890e-247
 3.281849367812099e-243,-4.437168113999803e-246
 1.576689943777223e-242,-2.136133398962113e-245
 7.573358130317140e-242,-1.028178118707870e-244
 3.637012675410680e-241,-4.947951536559930e-244
 1.746283846059194e-240,-2.380670010144731e-243
 8.382974306608421e-240,-1.145220823437711e-242
 4.023409914228654e-239,-5.508015159193397e-242
 1.930646869354789e-238,-2.648600486419055e-241
 9.262396978405316e-238,-1.273364673438155e-240
 4.442786873475981e-237,-6.120737158189937e-240
 2.130584054583893e-236,-2.941499811730294e-239
 1.021533287701841e-235,-1.413343254357276e-238
 4.896847557537979e-235,-6.789530943671266e-238
 2.346877410528320e-234,-3.260954594202749e-237
 1.124536431460203e-233,-1.565893236886278e-236
 5.387229798802778e-233,-7.517812978813390e-236
 2.580274186973770e-232,-3.608547374138383e-235
 1.235589286536818e-231,-1.731746737547832e-234
 5.915478244009885e-231,-8.308965649080474e-234
 2.831473933434300e-230,-3.985838603890429e-233
 1.355007744442370e-229,-1.911622586142257e-232
 6.483014762385784e-229,-9.166295004856212e-232
 3.101114374462241e-228,-4.394346227769547e-231
 1.483076696987842e-227,-2.106216471554959e-230
 7.091106381924442e-227,-1.009298327115915e-229
 3.389756160680779e-226,-4.835522825041386e-229
 1.620042792978290e-225,-2.316189954891268e-228
 7.740830925728027e-225,-1.109203610331086e-227
 3.697866586198926e-224,-5.310730320937407e-227
 1.766106732681897e-223,-2.542158359437849e-226
 8.433040592855882e-223,-1.216622466787164e-225
 4.025802397784111e-222,-5.821212319657251e-225
 1.921415163940816e-221,-2.784677570839542e-224
 9.168323807078753e-221,-1.331802274420019e-223
 4.373791858706079e-220,-6.368064169593639e-223
 2.086052261607528e-219,-3.044229808097633e-222
 9.946965741375655e-219,-1.454953917346719e-221
 4.741916270070252e-218,-6.952200934343435e-221
 2.260031090814944e-217,-3.321208456451422e-220
 1.076890801461382e-216,-1.586244612810752e-219
 5.130091194103947e-216,-7.574323513115412e-219
 2.443284874107030e-215,-3.615902086693193e-218
 1.163370814807857e-214,-1.725790383442293e-217
 5.538047666382126e-214,-8.234883230166281e-217
 2.635658302239512e-213,-3.928477821594250e-216
 1.254049946137822e-212,-1.873648255249587e-215
 5.965313726510058e-212,-8.934045294088370e-215
 2.836899048080167e-211,-4.258964248469642e-214
 1.348795217740058e-210,-2.029808279822878e-213
 6.411196638053711e-210,-9.671651612677856e-213
 3.046649661880617e-209,-4.607234116749538e-212
 1.447423659173315e-208,-2.194185497892415e-211
 6.874766207355762e-208,-1.044718353630787e-210
 3.264440043689682e-207,-4.972987100039812e-210
 1.549698924026699e-206,-2.366611980237609e-209
 7.354839645722614e-206,-1.125972519005815e-208
 3.489680704082985e-205,-5.355732942488874e-208
 1.655328306632202e-204,-2.546829100526341e-207
 7.849968448805808e-204,-1.210792814007537e-206
 3.721657036973290e-203,-5.754775348233348e-206
 1.763960264187073e-202,-2.734480212396133e-205
 8.358427789156812e-202,-1.298997822007561e-204
 3.959524837257157e-201,-6.169197008982243e-204
 1.875182553264980e-200,-2.929103919354784e-203
 8.878208931102184e-200,-1.390356541643528e-202
 4.202307300600364e-199,-6.597846196918987e-202
 1.988521091060180e-198,-3.130128140222525e-201
 9.407015179587113e-198,-1.484585777175355e-200
 4.448893741993415e-197,-7.039325376534765e-200
 2.103439650477978e-196,-3.336865184010698e-199
 9.942261864743066e-196,-1.581348031355153e-198
 4.698040263033123e-195,-7.491982308079748e-198
 2.219340494106003e-194,-3.548508055706709e-197
 1.048108084006266e-193,-1.680250004324078e-196
 4.948372584492349e-193,-7.953904125315106e-196
 2.335566044766770e-192,-3.764128217475424e-195
 1.102032993280814e-191,-1.780841802693849e-194
 5.198391240017369e-191,-8.422914869460555e-194
 2.451401679550641e-190,-3.982675027585716e-193
 1.155660772951851e-189,-1.882616961052619e-192
 5.446479298268254e-189,-8.896576948009908e-192
 2.566079719747613e-188,-4.202977071151271e-191
 1.208627400649672e-187,-1.985013373325289e-190
 5.690912744224504e-187,-9.372196959956990e-190
 2.678784670845785e-186,-4.423745581883039e-189
 1.260547602450781e-185,-2.087415223399191e-188
 5.929873605586922e-185,-9.846836286540320e-188
 2.788659744720384e-184,-4.643580131877916e-187
 1.311018079890515e-183,-2.189155992972607e-186
 6.161465857444891e-183,-1.031732678793371e-185
 2.894814670462094e-182,-4.860976736651445e-185
 1.359621333178634e-181,-2.289522609521775e-184
 6.383734078103594e-181,-1.078029187071743e-183
 2.996334771209086e-180,-5.074338484857740e-183
 1.405930065301295e-179,-2.387760778535701e-182
 6.594684761956889e-179,-1.123217309826286e-181
 3.092291252334414e-178,-5.281988756526981e-181
 1.449512136419679e-177,-2.483081521774575e-180
 6.792310122679006e-177,-1.166926240671957e-179
 3.181752611896453e-176,-5.482187040318541e-179
 1.489936021698588e-175,-2.574668917432211e-178
 6.974614143270140e-175,-1.208773986409272e-177
 3.263797048192752e-174,-5.673147299907935e-177
 1.526776708793409e-173,-2.661689009047565e-176
 7.139640550483341e-173,-1.248371677066550e-175
 3.337525702441559e-172,-5.853058773045459e-175
 1.559621954115986e-171,-2.743299818251469e-174
 7.285502311950579e-171,-1.285328374800726e-173
 3.402076538077180e-170,-6.020109015236137e-173
 1.588078800209844e-169,-2.818662362599517e-172
 7.410412177480273e-169,-1.319256330436393e-171
 3.456638623097468e-168,-6.172508925033428e-171
 1.611780240659575e-167,-2.886952544621800e-170
 7.512713714098410e-167,-1.349776620006137e-169
 3.500466549606234e-166,-6.308519411502955e-169
 1.630391904523347e-165,-2.947373742720567e-168
 7.590912220398609e-165,-1.376525077241099e-167
 3.532894696492927e-164,-6.426479288727989e-167
 1.643618619975863e-163,-2.999169899809888e-166
 7.643704852571795e-163,-1.399158422067634e-165
 3.553351018495311e-162,-6.524833909880194e-165
 1.651210707294563e-161,-3.041638872784709e-164
 7.670009255045850e-161,-1.417360470372001e-163
 3.561370028980791e-160,-6.602163986993734e-163
 1.652969845132183e-159,-3.074145776333230e-162
 7.668989965776688e-159,-1.430848297213639e-161
 3.556604636023488e-158,-6.657213985227409e-161
 1.648754351786078e-157,-3.096136029663765e-160
 7.640081862454972e-157,-1.439378214935919e-159
 3.538836492758827e-156,-6.688919434820360e-159
 1.638483725353853e-155,-3.107147795700033e-158
 7.583009933329474e-155,-1.442751419863140e-157
 3.507984534559737e-154,-6.696432473165124e-157
 1.622142293672719e-153,-3.106823490577781e-156
 7.497804696581497e-153,-1.440819157078276e-155
 3.464111397903714e-152,-6.679144916063518e-155
 1.599781837007114e-151,-3.094920038022468e-154
 7.384812656176079e-151,-1.433487252691525e-153
 3.407427449186537e-150,-6.636708163637018e-153
 1.571523063658982e-149,-3.071317549428059e-152
 7.244701269901642e-149,-1.420719867464427e-151
 3.338292196136891e-148,-6.569049274483337e-151
 1.537555840943117e-147,-3.036026127013194e-150
 7.078458016204747e-147,-1.402542334988644e-149
 3.257212909342257e-146,-6.476382592695793e-149
 1.498138110964721e-145,-2.989190514740114e-148
 6.887383278571157e-145,-1.379042961983284e-147
 3.164840345792158e-144,-6.359216386922376e-147
 1.453593451861471e-143,-2.931092359912025e-146
 6.673076916953019e-143,-1.350373687685588e-145
 3.061961538810980e-142,-6.218354058347201e-145
 1.404307279871230e-141,-2.862149897186890e-144
 6.437418561273948e-141,-1.316749523549663e-143
 2.949489697409614e-140,-6.054889594080251e-143
 1.350721724828468e-139,-2.782914925445836e-142
 6.182541837678237e-139,-1.278446723121841e-141
 2.828451340629392e-138,-5.870197081686679e-141
 1.293329250335775e-137,-2.694067015303243e-140
 5.910802918437301e-137,-1.235799664399401e-139
 2.699970876192757e-136,-5.665914256156452e-139
 1.232665128608680e-135,-2.596404959355465e-138
 5.624743965051359e-135,-1.189196462341482e-137
 2.565252914752125e-134,-5.443920218223867e-137
 1.169298917454071e-133,-2.490835556420714e-136
 5.327052204416758e-133,-1.139073366429132e-135
 2.425562688112632e-132,-5.206307637424073e-135
 1.103825121529601e-131,-2.378359902460332e-134
 5.020515533164885e-131,-1.085908036046755e-133
 2.282205008799934e-130,-4.955349928652562e-133
 1.036853250484464e-129,-2.260057441758545e-132
 4.707975678544440e-129,-1.030211823589348e-131
 2.136502266147748e-128,-4.693464060738658e-131
 9.689975113748880e-128,-2.137068109145217e-130
 4.392280049238527e-127,-9.725212301485249e-130
 1.989771997835439e-126,-4.423169812805928e-129
 9.008663906236652e-126,-2.010572964406008e-128
 4.076233480581908e-125,-9.133887298907112e-128
 1.843304603066827e-124,-4.147046432115972e-127
 8.330523906748420e-124,-1.881773780342782e-126
 3.762551111273157e-123,-8.533731853740721e-126
 1.698341772393451e-122,-3.867687758995491e-125
 7.661221875936939e-122,-1.751872093244676e-124
 3.453813619640270e-121,-7.930300957092620e-124
 1.556056198355993e-120,-3.587656964457538e-123
 7.006074677251650e-120,-1.622048256179129e-122
 3.152425995267260e-119,-7.329019314995356e-122
 1.417533100162906e-118,-3.309442089175017e-121
 6.369966840659146e-118,-1.493441049360797e-120
 2.860580926603778e-117,-6.735088140049596e-120
 1.283754044975720e-116,-3.035413574878276e-119
 5.757279465679978e-116,-1.367128396441716e-118
 2.580227749239432e-115,-6.153397903852259e-118
 1.155583479357900e-114,-2.767784938942811e-117
 5.171832259200617e-114,-1.244109710158105e-116
 2.313047726980148e-113,-5.588449419895569e-116
 1.033758299265300e-112,-2.508577659566771e-115
 4.616840086188033e-112,-1.125290345554671e-114
 2.060436234718255e-111,-5.044285386970070e-114
 9.188806886914994e-111,-2.259591214237727e-113
 4.094884938789789e-110,-1.011468575054481e-112
 1.823492186007793e-109,-4.524434199165858e-112
 8.114143494960081e-109,-2.022379051795946e-111
 3.607903719909783e-108,-9.033254189753488e-111
 1.603014808247743e-107,-4.031867431091218e-110
 7.116841323962324e-107,-1.798231083963629e-109
 3.157191712108862e-106,-8.014175706167864e-109
 1.399507624394759e-105,-3.568971950648002e-108
 6.198789663224707e-105,-1.588163063148039e-107
 2.743421083822170e-104,-7.061735504351488e-107
 1.213189262628526e-103,-3.137537114861202e-106
 5.360578751695930e-103,-1.392912978514260e-105
 2.366673294932611e-102,-6.178931134114045e-105
 1.044010494700335e-101,-2.738756987589937e-104
 4.601587721771473e-101,-1.212944361754895e-103
 2.026483824250850e-100,-5.367498222477434e-103
 8.916767095799953e-100,-2.373247004022407e-102
 3.920096370929388e-99,-1.048456158229802e-101
 1.721897271812606e-98,-4.627965914450903e-101
 7.556748700098143e-98,-2.041074018598701e-100
 3.313416136578863e-97,-8.993985988195561e-100
 1.451530605291136e-96,-3.959739084983469e-99
 6.353038825681410e-96,-1.741798232673885e-98
 2.778035176866805e-95,-7.654943130210578e-98
 1.213642134079328e-94,-3.361203529157814e-97
 5.297072416185301e-94,-1.474525126035815e-96
 2.309772209607214e-93,-6.462637634286483e-96
 1.006203713678845e-92,-2.829849654537108e-95
 4.379067864510480e-92,-1.237965229297561e-94
 1.903933740190464e-91,-5.410539630806834e-94
 8.269737083738037e-91,-2.362409719135111e-93
 3.588364388306468e-90,-1.030499384897631e-92
 1.555469512361768e-89,-4.490693653264654e-92
 6.735683676631396e-89,-1.955003400917925e-91
 2.913748622934287e-88,-8.502470605146209e-91
 1.259121426525189e-87,-3.694037935484564e-90
 5.435294921306990e-87,-1.603286458362428e-89
 2.343760997122705e-86,-6.951353020649599e-89
 1.009561761305424e-85,-3.010723052473935e-88
 4.343865630912540e-85,-1.302597442094749e-87
 1.866973946274840e-84,-5.629660401936671e-87
 8.015172689822353e-84,-2.430419589588912e-86
 3.437118693650913e-83,-1.048097828473307e-85
 1.472235757064186e-82,-4.514796847522882e-85
 6.298765508426438e-82,-1.942605679797095e-84
 2.691675630358735e-81,-8.349015391647353e-84
 1.148875724945577e-80,-3.584132416261984e-83
 4.897790071966211e-80,-1.536826744846773e-82
 2.085439917904264e-79,-6.581905487502454e-82
 8.868682394494209e-79,-2.815515467310289e-81
 3.766845505136353e-78,-1.202921521248683e-80
 1.597890661907742e-77,-5.133141204783353e-80
 6.769552889860324e-77,-2.187706114968386e-79
 2.864241226940249e-76,-9.312103430553782e-79
 1.210288051777241e-75,-3.958700995284441e-78
 5.107286042807306e-75,-1.680724896589672e-77
 2.152318276397506e-74,-7.126435828748154e-77
 9.057954414260130e-74,-3.017675836927418e-76
 3.806741587934627e-73,-1.276114837271525e-75
 1.597601442022122e-72,-5.389100155071351e-75
 6.695257266935508e-72,-2.272711356482711e-74
 2.801829555339260e-71,-9.571188970563299e-74
 1.170801976542140e-70,-4.025065695968245e-73
 4.885218369145438e-70,-1.690274568057964e-72
 2.035329143124131e-69,-7.087781203151673e-72
 8.466942582949417e-69,-2.967723918376495e-71
 3.516825737285990e-68,-1.240760759038806e-70
 1.458472163551518e-67,-5.179585287611626e-70
 6.038917543172264e-67,-2.158913058395127e-69
 2.496457147387596e-66,-8.984609183785995e-69
 1.030346715150199e-65,-3.733168134352772e-68
 4.245481133953729e-65,-1.548675673130699e-67
 1.746402982581122e-64,-6.414133651544560e-67
 7.171757445377253e-64,-2.652161435456088e-66
 2.940083255359639e-63,-1.094802867207022e-65
 1.203194022228163e-62,-4.511648797155747e-65
 4.915215427860017e-62,-1.856039296791540e-64
 2.004328534357657e-61,-7.622202157484938e-64
 8.158363894827432e-61,-3.124667536026303e-63
 3.314615334403492e-60,-1.278632116601750e-62
 1.344147455519379e-59,-5.222686575490813e-62
 5.440413982215551e-59,-2.129299376799024e-61
 2.197735824429068e-58,-8.664858288964814e-61
 8.860627652482886e-58,-3.519293207020476e-60
 3.565213926324089e-57,-1.426611313225208e-59
 1.431611384645259e-56,-5.771633814060441e-59
 5.736792501356331e-56,-2.330349799787708e-58
 2.294052019232402e-55,-9.389851515221867e-58
 9.154040470641851e-55,-3.775698217652951e-57
 3.644876427036356e-54,-1.515033013729875e-56
 1.448097493659048e-53,-6.066220007277421e-56
 5.740398245186538e-53,-2.423650816829532e-55
 2.270383876044124e-52,-9.661887608270103e-55
 8.958865735894152e-52,-3.843065249697694e-54
 3.526843733609466e-51,-1.525108614000370e-53
 1.385100921819587e-50,-6.038290381459074e-53
 5.426511594197389e-50,-2.385063480574236e-52
 2.120732082257159e-49,-9.398113467565805e-52
 8.267187482703109e-49,-3.694177936832132e-51
 3.214528870282442e-48,-1.448479727101629e-50
 1.246650095860938e-47,-5.665067762372693e-50
 4.821910208023949e-47,-2.209916876531993e-49
 1.860030245288300e-46,-8.598138337351849e-49
 7.155264681645575e-46,-3.336334071454849e-48
 2.744821325201334e-45,-1.291069466206636e-47
 1.049934923096584e-44,-4.982214509232375e-47
 4.004490011120190e-44,-1.917189708141600e-46
 1.522805772899477e-43,-7.356209277560595e-46
 5.773371750676894e-43,-2.814266146542369e-45
 2.182110607232283e-42,-1.073429272482546e-44
 8.221669194395394e-42,-4.081814053930526e-44
 3.087821806301552e-41,-1.547312678178383e-43
 1.155914300204119e-40,-5.846834620627607e-43
 4.312722932070510e-40,-2.202182656309190e-42
 1.603616280143777e-39,-8.266977360361290e-42
 5.942126332672200e-39,-3.092938049508525e-41
 2.194039429687817e-38,-1.153177075237721e-40
 8.071898719387997e-38,-4.284393491942178e-40
 2.958709189014611e-37,-1.586056013094538e-39
 1.080412627336271e-36,-5.849916859735429e-39
 3.930087188094880e-36,-2.149551945789572e-38
 1.423977332947403e-35,-7.868232584789938e-38
 5.138712160033365e-35,-2.868799077765755e-37
 1.846785761559579e-34,-1.041785275597099e-36
 6.609203116641059e-34,-3.767658683414213e-36
 2.355103402453945e-33,-1.356871991475105e-35
 8.355176663598828e-33,-4.865611989523316e-35
 2.950808404358328e-32,-1.737093127834154e-34
 1.037335965461015e-31,-6.173762785223657e-34
 3.629464509480681e-31,-2.184089780485322e-33
 1.263747308395996e-30,-7.690162217977920e-33
 4.378451310780914e-30,-2.694597470906588e-32
 1.509278788311852e-29,-9.394910853993825e-32
 5.175485530105107e-29,-3.258942932807831e-31
 1.765254334166828e-28,-1.124576484091282e-30
 5.987942734639984e-28,-3.859845916503186e-30
 2.019758187183629e-27,-1.317522013049009e-29
 6.773407672791848e-27,-4.471862638361255e-29
 2.258048254377328e-26,-1.509019270790947e-28
 7.481809757219128e-26,-5.061825778090359e-28
 2.463507397342353e-25,-1.687536083947419e-27
 8.059313743456071e-25,-5.590577935667725e-27
 2.619142710080067e-24,-1.840090273848951e-26
 8.453832017224229e-24,-6.016139464115396e-26
 2.709531316359112e-23,-1.953470638726293e-25
 8.621636292706483e-23,-6.298194962072697e-25
 2.722982768936861e-22,-2.015818345541914e-24
 8.534146084807444e-22,-6.403453218284562e-24
 2.653572006289552e-21,-2.018373113150725e-23
 8.183667528503483e-21,-6.311097242295455e-23
 2.502630630509426e-20,-1.957091168298680e-22
 7.586770694524159e-20,-6.017289787084461e-22
 2.279304342268656e-19,-1.833789085915190e-21
 6.784223543661129e-19,-5.537642277862022e-21
 1.999912088831920e-18,-1.656490929476916e-20
 5.836973126039679e-18,-4.906774546082965e-20
 1.686070594851012e-17,-1.438773236764367e-19
 4.818500259698485e-17,-4.174607535434289e-19
 1.361832908577598e-16,-1.198104626761923e-18
 3.804780016038743e-16,-3.399762309639685e-18
 1.050356076311834e-15,-9.534225859139706e-18
 2.863788796621817e-15,-2.641206345019966e-17
 7.707735153482506e-15,-7.224101738953597e-17
 2.046749287959448e-14,-1.949850258165666e-16
 5.359335585969044e-14,-5.190525575675099e-16
 1.382950127045969e-13,-1.361931110950817e-15
 3.514594843171147e-13,-3.520113245607236e-15
 8.790684922081140e-13,-8.956145466090178e-15
 2.162391351460601e-12,-2.241473549819485e-14
 5.227252779321186e-12,-5.513873231915504e-14
 1.240737152209969e-11,-1.332075716774199e-13
 2.889124250948824e-11,-3.157631939323861e-13
 6.593512734171376e-11,-7.337304267950639e-13
 1.473274677897136e-10,-1.669565158519512e-12
 3.219463643075036e-10,-3.715997373692854e-12
 6.872167509772382e-10,-8.080272422919598e-12
 1.431028539213079e-09,-1.714289426963737e-11
 2.902903533074202e-09,-3.543473851454624e-11
 5.727667854815030e-09,-7.125006018981491e-11
 1.097373075019017e-08,-1.391278074289779e-10
 2.037811179348643e-08,-2.633341126514241e-10
 3.660424006272593e-08,-4.821447677727221e-10
 6.345907540472847e-08,-8.520163747389900e-10
 1.059225414346411e-07,-1.449570875964250e-09
 1.697613652927447e-07,-2.367860640208821e-09
 2.604580895792442e-07,-3.702269693489044e-09
 3.812651743262458e-07,-5.521925074868339e-09
 5.304853308864562e-07,-7.826350562853550e-09
 6.986166128221158e-07,-1.049544223514264e-08
 8.666548286998824e-07,-1.325242343304274e-08
 1.007242415879085e-06,-1.566869804477154e-08
 1.089942714434476e-06,-1.723684277102815e-08
 1.090312868889145e-06,-1.751455458080804e-08
 9.999578585976607e-07,-1.629988373733093e-08
 8.327234106402630e-07,-1.375714353908534e-08
 6.225475920210613e-07,-1.040848859481274e-08
 4.122250670766383e-07,-6.962643987443795e-09
 2.378752217902059e-07,-4.050436586827629e-09
 1.172922309762134e-07,-2.008378811313571e-09
 4.823588902658734e-08,-8.280729209337496e-10
 1.605059359920873e-08,-2.752651584886157e-10
 4.157877716368853e-09,-7.092766150251577e-11
 7.974599245124414e-10,-1.346044211192539e-11
 1.059021986056032e-10,-1.757401528120516e-12
 8.879767776423525e-12,-1.437174548094881e-13
 4.119776071818182e-13,-6.437301119255108e-15
 8.671901214923048e-15,-1.290814523330255e-16
 6.020617007329312e-17,-8.381723204925849e-19
 7.860368832814983e-20,-9.961690838009341e-22
 6.178849284067709e-24,-6.818535040300339e-26
 1.540948468005166e-30,-1.354363468257523e-32
 1.449321165858765e-45,-7.546110979307344e-48
 1.529577998125747e-12,-1.153543003816316e-12
 4.234378918740201e-12,-1.717214103241667e-12
 8.585759985131588e-12,-1.191436722973206e-12
 1.494719799570545e-11,1.394955615173699e-12
 2.310049696530716e-11,7.290857260192849e-12
 3.235322736915961e-11,1.765083653445590e-11
 4.203345441944992e-11,3.332337644114075e-11
 5.854661663161575e-11,5.482026626955448e-11
 1.610738651896982e-10,8.332488398155370e-11
 8.544092181960023e-10,1.266914051092234e-10
 4.211977046633306e-09,2.192467766824397e-10
 1.609674507299303e-08,4.602348924327846e-10
 4.826905567640123e-08,1.049025883780142e-09
 1.173080041899685e-07,2.262260354564637e-09
 2.378703456938323e-07,4.331898165402708e-09
 4.121978400179880e-07,7.264392935558560e-09
 6.224980808189691e-07,1.072185994508143e-08
 8.326534428936819e-07,1.407282301205165e-08
 9.998707960464207e-07,1.660868636447735e-08
 1.090213202123291e-06,1.780815622430465e-08
 1.089835547733368e-06,1.750837343546437e-08
 1.007132924620067e-06,1.591313316623572e-08
 8.665477686051197e-07,1.346674562246166e-08
 6.985159425691123e-07,1.067858309426403e-08
 5.303939827870719e-07,7.978952757926500e-09
 3.811849787661633e-07,5.645983897641033e-09
 2.603898339966102e-07,3.800719212774851e-09
 1.697049518773484e-07,2.444163703166076e-09
 1.058772009545989e-07,1.507358245711528e-09
 6.342359664453899e-08,8.948026147860572e-10
 3.657718266257840e-08,5.131311656474163e-10
 2.035798158403820e-08,2.852948746821811e-10
 1.095910804955172e-08,1.543663940514650e-10
 5.717288573382000e-09,8.160798109033238e-11
 2.895699304152813e-09,4.233457601716206e-11
 1.426135366223537e-09,2.164950568073606e-11
 6.839623633865412e-10,1.096773009512592e-11
 3.198254186583239e-10,5.531781543303068e-12
 1.459717439147445e-10,2.791101989850970e-12
 6.508362196896433e-11,1.415188986691739e-12
 2.836299829177125e-11,7.249896835655208e-13
 1.207823332840690e-11,3.798584132018237e-13
 5.010593601668284e-12,2.116332025484494e-13
 1.993186085905450e-12,1.394331788457000e-13
 7.004648931304653e-13,1.270084995291651e-13
 1.031367466965955e-13,1.617175259524461e-13
 -2.536706893827335e-13,2.440375563462331e-13
 -5.778509017658755e-13,3.818550400027097e-13
 -9.737615082037313e-13,5.866187365756048e-13
 -1.501557052627373e-12,8.699813269476985e-13
 -2.198666585452159e-12,1.240457363311917e-12
 -3.084681830366125e-12,1.700194537961917e-12
 -4.159737923516206e-12,2.242297782896858e-12
 -5.401578766606612e-12,2.849276771344565e-12
 -6.764232465988965e-12,3.493106018859102e-12
 -8.179883144730750e-12,4.137121635792081e-12
 -9.564435488964992e-12,4.739603445007096e-12
 -1.082627202549079e-11,5.258512012321070e-12
 -1.187688683476572e-11,5.656576130759880e-12
 -1.264159398269574e-11,5.905835172853950e-12
 -1.306845551025064e-11,5.990855453756393e-12
 -1.313394666671202e-11,5.910124197875960e-12
 -1.284455936455351e-11,5.675498760263526e-12
 -1.223435105736270e-11,5.309955901399493e-12
 -1.135917551539343e-11,4.844162496978407e-12
 -1.028882849864807e-11,4.312525495882123e-12
 -9.098528779629115e-12,3.749367457131248e-12
 -7.861043199420349e-12,3.185743096840792e-12
 -6.640430882168041e-12,2.647212241114560e-12
 -5.487938270227496e-12,2.152670324216560e-12
 -4.440134803822460e-12,1.714154345949191e-12
 -3.519023711258165e-12,1.337417411877946e-12
 -2.733638868390451e-12,1.023006662388972e-12
 -2.082553318270296e-12,7.675798674787028e-13
 -1.556754720846974e-12,5.652381312971047e-13
 -1.142448957335281e-12,4.087160600506847e-13
 -8.234939189713402e-13,2.903386671426422e-13
 -5.833064721375287e-13,2.027135936996206e-13
 -4.062034914882955e-13,1.391711575157190e-13
 -2.782215605048122e-13,9.399166592807799e-14
 -1.875082587838169e-13,6.247125282376163e-14
 -1.243962089628008e-13,4.087800314599051e-14
 -8.126764091907188e-14,2.634353504256421e-14
 -5.230090434868917e-14,1.672525374508052e-14
 -3.316853519076446e-14,1.046395093395908e-14
 -2.073446853862194e-14,6.452032350808354e-15
 -1.277895518004312e-14,3.920246430400368e-15
 -7.765066553841299e-15,2.345534044424103e-15
 -4.650502812155706e-15,1.379301466743517e-15
 -2.742163861371799e-15,7.936265726049100e-16
 -1.587706274617208e-15,4.421958659977166e-16
 -8.971628294912735e-16,2.327404352647116e-16
 -4.878464928851832e-16,1.080831436397424e-16
 -2.465873515915391e-16,3.341121353510781e-17
 -1.044417278988397e-16,-1.208722949909536e-17
 -2.011218538562741e-17,-4.061049518811225e-17
 3.070890088181350e-17,-5.915079285025099e-17
 6.206402340030722e-17,-7.161383278467334e-17
 8.190251862947471e-17,-8.011738561530042e-17
 9.462812357856643e-17,-8.577548279353074e-17
 1.026312553451498e-16,-8.916496020475502e-17
 1.071965857141439e-16,-9.059785105079623e-17
 1.090311781371877e-16,-9.027582556856870e-17
 1.085644595835122e-16,-8.837313221005306e-17
 1.061120205456940e-16,-8.507627010954807e-17
 1.019587139283211e-16,-8.059769701760748e-17
 9.639447234174041e-17,-7.517441431075743e-17
 8.972314134291648e-17,-6.905843438724520e-17
 8.225684911364321e-17,-6.250378491032868e-17
 7.430376314638341e-17,-5.575316578749101e-17
 6.615417857169129e-17,-4.902627768289656e-17
 5.806797184980156e-17,-4.251100002702173e-17
 5.026512159477541e-17,-3.635793215128329e-17
 4.292003477770270e-17,-3.067829634192056e-17
 3.615972094535644e-17,-2.554482916246298e-17
 3.006538051109424e-17,-2.099505190264146e-17
 2.467668517266653e-17,-1.703620053001890e-17
 1.999790074256385e-17,-1.365108996198978e-17
 1.600500318281898e-17,-1.080426076930403e-17
 1.265303215068265e-17,-8.447880193387239e-18
 9.883077252901295e-18,-6.527016617781278e-18
 7.628468031328043e-18,-4.984054809299724e-18
 5.819913018403821e-18,-3.762151721165518e-18
 4.389487109760275e-18,-2.807739328757245e-18
 3.273488850561801e-18,-2.072157643435577e-18
 2.414275813383679e-18,-1.512548249074645e-18
 1.761238223866934e-18,-1.092160184326081e-18
 1.271093185866617e-18,-7.802213134803985e-19
 9.076809927737967e-19,-5.515155576318105e-19
 6.414282736251516e-19,-3.857852148442638e-19
 4.486167924267275e-19,-2.670528622428840e-19
 3.105670954256333e-19,-1.829325697921872e-19
 2.128169374178117e-19,-1.239777525738153e-19
 1.443481981462473e-19,-8.309425405036581e-20
 9.689423868697522e-20,-5.503264303155369e-20
 6.434279801704681e-20,-3.596312557566297e-20
 4.223741940909332e-20,-2.312940999921596e-20
 2.737238504625738e-20,-1.457367627911747e-20
 1.747145801726228e-20,-8.922791210101245e-21
 1.093855101539927e-20,-5.225419837380730e-21
 6.668003615149476e-21,-2.830188925780035e-21
 3.902828070925602e-21,-1.296114471071587e-21
 2.130584990532268e-21,-3.278107687462975e-22
 1.008114993656205e-21,2.706545904127423e-22
 3.079547701729532e-22,6.281407642063899e-22
 -1.192603503705231e-22,8.288275406450183e-22
 -3.708068959440885e-22,9.274837795839722e-22
 -5.096226051376177e-22,9.597316361155175e-22
 -5.762574882609662e-22,9.488472029199989e-22
 -5.968123738576425e-22,9.102017895796251e-22
 -5.881434981285043e-22,8.541193271583467e-22
 -5.612280691252720e-22,7.876869322238701e-22
 -5.233118794094529e-22,7.158867007526541e-22
 -4.792623377815551e-22,6.422935548050816e-22
 -4.324106803646544e-22,5.695037428121538e-22
 -3.850718458920153e-22,4.993993203150077e-22
 -3.388645054385574e-22,4.333155939879714e-22
 -2.949100318723194e-22,3.721528005423169e-22
 -2.539597775293507e-22,3.164585774968993e-22
 -2.164801424143868e-22,2.664922958141771e-22
 -1.827147470479986e-22,2.222812678744441e-22
 -1.527317147491468e-22,1.836705098476564e-22
 -1.264637469660528e-22,1.503679500184735e-22
 -1.037417890186817e-22,1.219853110323384e-22
 -8.432469085313685e-23,9.807280790984751e-23
 -6.792455065902538e-23,7.815004863941545e-23
 -5.422795213279157e-23,6.173023531612883e-23
 -4.291353642246405e-23,4.833936414115711e-23
 -3.366595417172528e-23,3.753031948397290e-23
 -2.618540034765684e-23,2.889249200405751e-23
 -2.019495885359606e-23,2.205717585121999e-23
 -1.544502330312129e-23,1.669980649644404e-23
 -1.171474458470617e-23,1.254013740100865e-23
 -8.813028446599008e-24,9.340239321325222e-24
 -6.576529741743786e-24,6.900684274473263e-24
 -4.868196453204962e-24,5.057087978152736e-24
 -3.574997522943868e-24,3.676255329305024e-24
 -2.604838967154594e-24,2.650703851130234e-24
 -1.882860128012449e-24,1.895565156838225e-24
 -1.350327477896777e-24,1.343928408825654e-24
 -9.608056645534223e-25,9.444565182167138e-25
 -6.781726549511460e-25,6.572948916929826e-25
 -4.747196315269757e-25,4.527094275839419e-25
 -3.293619369881564e-25,3.081500938940357e-25
 -2.264786123713794e-25,2.067642439740598e-25
 -1.541246903458045e-25,1.363077916645647e-25
 -1.037266480889628e-25,8.767346518506452e-26
 -6.877064926674486e-26,5.462398705120075e-26
 -4.490713522188355e-26,3.229195677487553e-26
 -2.865420548814744e-26,1.743918407893393e-26
 -1.769424466217785e-26,7.794112772018320e-27
 -1.039868955278420e-26,1.592156202979940e-27
 -5.626996645620043e-27,-2.185491602697731e-27
 -2.565064744915684e-27,-4.371774113335617e-27
 -6.114313707519810e-28,-5.510139896304909e-27
 5.656347568244145e-28,-5.958549000846854e-27
 1.229767442725489e-27,-5.973246597530454e-27
 1.559941530466219e-27,-5.714591317963119e-27
 1.680986507670538e-27,-5.300201848842833e-27
 1.697324640650232e-27,-4.816023683627440e-27
 1.605259409934268e-27,-4.279744711859054e-27
 1.469259900271202e-27,-3.766934938039146e-27
 1.329743999892017e-27,-3.284506659475966e-27
 1.181186158523633e-27,-2.807184684694959e-27
 1.020362355435682e-27,-2.392588155676735e-27
 8.703021076824730e-28,-2.021408130340488e-27
 7.447164156490172e-28,-1.697553342324089e-27
 6.424140232757960e-28,-1.413671849196705e-27
 5.143045150168920e-28,-1.151286255817198e-27
 4.244488281383131e-28,-9.571376956256992e-28
 3.311329582974265e-28,-7.571639112171778e-28
 2.955256280478368e-28,-6.143693636066931e-28
 2.212131879935354e-28,-5.317921125804777e-28
 1.760859179617883e-28,-3.928214456791420e-28
 1.154030975633022e-28,-2.746979114340695e-28
 1.344701779004884e-28,-2.405154463618962e-28
 5.602038826096008e-29,-2.153947730508524e-28
 1.166022716094881e-28,-1.804492829794761e-28
 1.482558533074873e-29,-5.132446971000111e-29
 2.497195910606944e-29,-1.766924349543424e-29
 4.880934352178928e-29,-2.545705831563805e-29
 -7.312014031518669e-30,-1.146749194342163e-29
 5.304901149065739e-29,2.875033918255725e-29
 -8.515838383266731e-30,-3.930773889052703e-29
 4.898911795038027e-29,-6.997147058401913e-29
 1.810583742723608e-29,3.802261189828104e-29
 1.510698859622005e-29,-2.860616844023954e-29
 4.423438877289846e-29,-4.878321473464967e-29
 1.659025126737037e-29,5.381154751047700e-29
 7.007891036968301e-30,-5.260675233290463e-31
 7.919216384941745e-30,1.065679746561218e-29
 -1.039192051437609e-29,8.044656147501598e-30
 9.388740583978409e-30,-1.311526586693134e-29
 -9.880294911268023e-31,-7.875030167249088e-30
 -9.294133740874006e-30,-5.321680375720984e-31
 3.431151718352034e-30,4.761991308255732e-30
 1.813022401991989e-29,-1.493713715406779e-29
 -5.485732775373991e-30,9.985960755508135e-31
 3.934883803059302e-30,6.987647411019273e-30
 8.175418701524663e-30,9.630654413132449e-31
 1.169708732228916e-29,8.959565083261031e-30
 -1.045553049265288e-30,-5.026958813386242e-30
 -4.555222118421673e-30,1.576558685186488e-29
 8.315636409578400e-30,6.965970155174275e-30
 -9.498709698919635e-31,1.031872456716871e-29
 -2.704309865875469e-30,1.272620056173766e-29
 3.922557376596308e-30,8.719095268748939e-30
 2.943428600738312e-30,8.112516199476059e-30
 -9.817361462393181e-30,1.417279332770193e-29
 -2.917397302700098e-30,8.567289980146676e-30
 1.270511645467976e-30,1.240099740668134e-29
 -1.051530990235073e-29,-2.910104532512383e-30
 5.387679098076079e-32,-4.334868883701573e-30
 -5.739550326767256e-30,-7.829432347736378e-30
 8.335181964964276e-30,2.650871704534096e-30
 1.220810217316648e-29,-1.150649220873858e-29
 -1.508210655971077e-31,-2.134564712773224e-29
 -4.045348882950725e-30,1.092691418840583e-29
 8.352888793113826e-31,-2.516110429429916e-29
 2.192380358810684e-30,-7.927661352703030e-30
 -1.592069970749566e-30,1.018745589551549e-29
 9.204982080110860e-30,-1.533916762894606e-29
 4.307641028968484e-30,-1.455034546260154e-29
 -2.625927445569963e-29,1.243796263360361e-29
 -2.679323360704894e-29,-1.402538590919141e-29
 -7.293907860807961e-30,-7.830157971629264e-30
 -1.158045259451959e-29,5.230954022985551e-30
 -4.951404237192592e-30,-8.759619999432222e-30
 -1.735614840320392e-29,3.177801790113018e-30
 -2.721820914097849e-29,2.659537637320886e-31
 -1.348713714469827e-29,-2.014914536603859e-30
 -2.643334898771651e-29,3.932322570808763e-30
 -8.159248108911247e-30,-5.548329281426942e-30
 -2.291307298001685e-30,-9.759390568420061e-30
 -1.660582638951226e-29,-9.921354645265660e-30
 -7.114502002955027e-30,-7.804945345240377e-30
 5.972232281977973e-30,-7.398842341280312e-30
 1.242771783740588e-30,-1.125679272092801e-29
 4.756470897283780e-30,-8.731951767954911e-30
 3.670426712337050e-30,-9.376733018632420e-30
 1.431286436220042e-29,-9.345971722716687e-30
 1.574228639948478e-29,-1.775605595691853e-29
 3.238979773540400e-30,-3.686577536628368e-30
 1.607160188293677e-29,-8.780621144645601e-30
 1.803019342464430e-29,7.706812962943056e-32
 1.677983922085575e-29,-2.862941629905490e-30
 1.680091680494536e-29,1.328030028008262e-30
 6.172464963725611e-30,9.533754330827510e-30
 3.270086315961027e-30,8.549321584887940e-30
 8.482063769289948e-30,9.026785487038287e-30
 6.195493973946660e-30,1.317262192713899e-29
 -6.406573134133094e-30,8.305047200764121e-30
 1.922175218351773e-30,9.666509012851189e-30
 2.786774076304764e-30,-1.921565765369195e-30
 1.069276980008252e-29,1.360291671982010e-30
 4.811137081774692e-32,8.448382084451444e-30
 9.937919881587653e-30,2.228375679387781e-30
 1.299976277174253e-29,-2.290196523669318e-30
 3.923050567833174e-30,-5.587293683801560e-30
 -5.598554062625836e-30,-9.969163731399012e-31
 2.961641322920804e-30,-5.920033400631714e-30
 5.730270294311330e-30,-7.937995198525929e-30
 -4.877072808806019e-30,-1.051622008547336e-29
 -1.550522245365274e-29,-2.522564384466915e-30
 -3.070375187435571e-30,-1.056654844256882e-29
 9.532161347551914e-30,1.621712014163983e-30
 -8.635794284444917e-30,1.499368296917365e-30
 -1.133953041441473e-29,5.726092679425103e-30
 -1.145922173732781e-29,7.239670933215840e-31
 -5.981091304567369e-31,2.731896559653460e-30
 -7.148292051969437e-30,5.592326247008755e-30
 -1.744746146711917e-29,2.587206103456093e-30
 -5.313276147379327e-30,-2.505107934170886e-30
 3.969063831748633e-30,-1.705433012252899e-31
 -6.497419301887243e-30,-3.129539185061628e-30
 -7.310846576644791e-30,-4.720463541779805e-30
 -8.730590772759502e-31,4.228421853430769e-30
 1.355956603213931e-29,-8.263129196495027e-30
 3.077740270897467e-30,-1.058145521611603e-29
 -1.460009878293165e-30,-9.402280953540586e-30
 7.697438936358962e-30,-1.348104741144190e-29
 1.902161387080944e-29,-1.508331353156468e-29
 9.516612477391282e-30,-1.932150900860490e-29
 5.485202832390372e-30,-1.541909669563038e-29
 1.818449510040539e-29,-9.810528149206173e-30
 2.223460227913985e-29,-1.667289330515671e-29
 1.272207161313902e-29,-1.359248030421862e-29
 1.994706354354547e-31,2.696599330184343e-30
 6.028903670689152e-30,-3.904007586391624e-30
 1.251556332034850e-29,-1.350703406064388e-29
 5.103279565016029e-30,5.917119230065079e-30
 -1.096690777188901e-29,-1.071685370327458e-30
 -9.329756774464025e-31,6.043375942118189e-30
 1.034258291285520e-30,-4.321965086736957e-30
 1.051770235212469e-29,3.199842858027956e-30
 -1.493528076706844e-29,1.773548294947065e-29
 2.498647562287693e-30,5.267595118079768e-30
 5.465654531114634e-30,6.920255893914485e-30
 9.211696433995457e-30,-1.201471347211431e-30
 -1.249617748874852e-29,-7.745151363405229e-30
 6.164988342644606e-30,1.338498221951109e-30
 6.126032433405836e-30,-5.456839279122263e-30
 -2.314413637119563e-30,-6.213694618295945e-30
 -8.976461585477376e-30,-2.576568022978039e-30
 -3.407762918353364e-30,-4.660774762666396e-30
 1.104250986801493e-29,6.100773157854990e-31
 -2.215651347687162e-30,-2.564837817484163e-30
 -7.624117446939784e-30,5.027561807683899e-30
 -3.812153479404440e-30,2.470278473260229e-30
 6.694032465735908e-30,8.200077472877037e-31
 -3.787385406485205e-30,5.700327254722046e-30
 -1.007082606021783e-29,4.462659999710521e-30
 -1.713375753378501e-30,1.717319236479122e-30
 5.927835913322786e-30,2.054349538219081e-30
 -1.767822596003748e-30,3.953291158674559e-30
 -8.484370533382077e-30,2.864111822247339e-30
 -2.659991616727878e-30,5.820819682260918e-30
 1.291466703969201e-29,-8.913164424101837e-31
 -1.111417048280315e-30,-2.592503464974274e-30
 -6.969348814346174e-30,2.155704555408596e-31
 -2.517378370447951e-31,-2.963755441639619e-30
 1.092861135005395e-29,-4.230884088380103e-30
 5.116469377245506e-30,-1.136995688457154e-29
 -5.174057388373652e-30,-6.153568365474142e-30
 1.213507444325593e-29,-5.229282568528864e-30
 1.268377992647369e-29,-1.194016666843143e-29
 4.050687370846811e-30,-1.568022450114883e-29
 7.011724598901252e-30,-6.208696977237348e-30
 1.719258531943095e-30,-8.913604469583847e-31
 4.885865570144363e-30,1.743579006569384e-30
 1.953351595942778e-30,-4.296206395154737e-30
 -2.821303477686854e-29,-6.891019622683385e-30
 -4.440945085770503e-30,6.833022084812681e-30
 -1.227772187790695e-30,-1.618078188503257e-29
 -2.373637104142283e-29,-2.980537518520909e-29
 -1.205791183105789e-29,3.440776689593045e-29
 1.175966013766765e-30,6.188596880796368e-31
 2.830291239744937e-29,-2.543356766626336e-29
 1.109320860863083e-30,1.604249132085873e-29
 1.327562722206753e-30,-2.187629084086079e-29
 1.119514511465014e-29,-8.700222152798461e-30
 7.572897811676433e-30,-3.325448983166744e-29
 -2.600143727117799e-30,-8.980148125467577e-30
 8.452279389671446e-30,-2.311681272477320e-30
 1.051096690552822e-29,-1.088857615916263e-29
 -2.140639602260618e-30,2.562852566753732e-30
 1.113413818733542e-29,6.383625001032990e-31
 -2.424076728836551e-30,4.026660746954155e-30
 1.116980809395994e-29,-6.063872364093181e-31
 1.141257093282788e-29,1.788179470894801e-31
 7.074559922983715e-30,6.290205877745736e-30
 1.861630364772767e-31,2.715064958103161e-30
 4.175101904862758e-30,2.867066564777155e-30
 9.355703790542506e-30,1.751963382640922e-30
 1.884912146473866e-30,3.914582866678033e-30
 -5.339593538725068e-30,5.715247422817457e-30
 1.192867475358640e-30,2.941206555996828e-30
 5.780584272096966e-30,9.505455798346891e-31
 -2.162433874740499e-30,1.696931071435558e-30
 -5.925714937673428e-30,2.817330755498725e-30
 -1.469803767837604e-30,2.083622876852883e-30
 4.037771925054379e-30,-1.919531443337947e-30
 -4.514265096426308e-31,-2.038585535001274e-30
 -6.642894537673564e-30,9.557199214110087e-31
 -1.631430924833675e-30,-2.397581486813408e-30
 5.260217348248647e-30,-3.940449503177834e-30
 1.164240261451531e-32,-4.151180406363332e-30
 -2.592964917483762e-30,-1.464055492204097e-30
 -8.561875227437383e-31,2.118175173846216e-31
 9.389009576898244e-31,-3.798179075599294e-30
 -2.292652250252172e-30,-4.411329345287587e-30
 -7.393964036788649e-30,-9.846279670229132e-30
 6.667911566285508e-30,-9.892189737230413e-31
 9.429718496047352e-31,-7.572652946562410e-30
 -3.249576881029965e-30,-1.424540020665727e-29
 8.398917396333371e-30,1.340009678972840e-29
 -1.466022069063386e-29,-1.840996499484878e-29
 9.965935030866917e-30,5.894289769155355e-30
 -3.812179966875070e-30,-1.900687535467783e-30
 -1.780734251340838e-29,-2.212197629487328e-29
 5.428671480423368e-30,9.920689714016582e-30
 -5.320455774627654e-30,-5.183318792836087e-31
 -3.306900471468277e-29,1.617944523297974e-31
 -4.119844665511975e-30,-1.723565452359149e-29
 1.715990988456828e-29,-2.410027807826589e-29
 8.415893964440984e-30,-2.328866515337150e-29
 -1.761775786640825e-30,-2.018558908188884e-29
 1.332220155543099e-29,-1.105848446110459e-29
 5.615691035534375e-30,-8.483089207698577e-30
 1.637134420915418e-29,3.499640695658932e-31
 3.488739262324472e-30,-6.603692970091947e-30
 3.805410533654858e-30,-4.105193691356371e-31
 1.030833909185200e-29,3.565378435957925e-30
 1.117382355351509e-29,6.223324836916719e-31
 7.293841128024292e-30,3.344013382720387e-30
 4.535748863157713e-30,7.347905480227690e-30
 8.597058506657927e-30,5.736857503679115e-30
 3.757167627139362e-30,4.650231411620690e-30
 1.074446181496023e-30,6.957964892850383e-30
 -4.027569514110254e-31,6.195978038253585e-30
 2.561078483265266e-31,6.351515197217068e-30
 1.157980591582545e-30,7.961684703575089e-31
 -3.546640271806226e-30,3.788350111337891e-30
 -9.536947677422944e-31,3.288036502503994e-30
 -1.268358011452830e-30,1.710135609922097e-30
 -4.541347117661661e-32,7.671587779721186e-31
 8.721254556566960e-31,6.930235074297403e-31
 1.716133823647473e-31,5.136385362890260e-31
 -1.443585704687447e-30,2.408814859870547e-31
 1.199252384740283e-30,-1.031502452470661e-30
 -8.586482367595859e-31,7.639814354527121e-31
 3.738038920727491e-31,-4.507834876196882e-31
 1.092450457540345e-30,-1.029295132055547e-30
 -8.908206910772884e-31,-7.468233822065152e-31
 1.972755158633165e-30,1.961102191511265e-31
 -1.122320461527045e-31,2.854577260198962e-30
 4.781943083836573e-31,5.243053455424782e-30
 2.000995772646559e-30,4.853656855374449e-30
 -4.422818795129849e-30,3.559291857548199e-30
 -7.249989225226516e-30,-6.743478700859580e-30
 -6.021017857189338e-30,-3.884150967091097e-30
 -4.205875604339078e-30,-4.516854756779205e-31
 -1.383558430275519e-29,-1.149470896847753e-29
 -2.788718577328929e-30,-6.163504995082645e-30
 2.115118481209695e-30,-5.149426357188853e-30
 6.636783645253384e-31,-1.035883808014184e-29
 3.190109867954315e-30,-1.718931173799447e-29
 8.023601074603445e-31,-1.424811511706617e-29
 2.863120191865517e-30,-8.163767866555745e-30
 3.755049223542821e-30,-1.334272303072321e-29
 5.285362433994879e-30,-9.861613413571582e-30
 5.484408676309172e-30,-7.750174620690594e-30
 1.070422990530876e-29,-6.414494866003275e-30
 9.410763580522911e-30,-3.560748596617646e-30
 8.685124178797312e-30,-4.532242910170280e-30
 9.164239413524401e-30,3.225637823091752e-31
 7.370194671753927e-30,3.260014303910452e-30
 2.853153418063237e-30,3.044368791335339e-30
 3.464324862858333e-30,4.262518219173701e-30
 3.334371837505310e-30,3.403652133859386e-30
 1.976485471223323e-30,5.055885524974773e-30
 7.061851051268167e-33,2.814188631481258e-30
 -2.529794595576411e-30,2.915305468010830e-30
 4.033578634035338e-30,2.358154954836234e-30
 1.283448913108771e-30,3.926227370813064e-30
 -7.675729484463884e-31,2.405339484350091e-30
 2.929306310569481e-30,2.419931659304249e-30
 3.397019264114024e-30,2.176370200286659e-30
 8.062301483276701e-31,1.390995657497181e-30
 -4.871129345360253e-31,2.550354771463453e-30
 1.907688880556545e-30,3.144409382076203e-30
 3.162626361547791e-30,-1.630909972155312e-31
 1.221376985861232e-30,2.219225423445054e-30
 -6.839031533766268e-31,6.294619306909302e-32
 3.670857931761938e-30,2.144500867159077e-30
 2.353004119078654e-30,2.187349383176031e-30
 1.689078006658567e-30,2.748253762793251e-30
 -1.463216166125767e-30,2.561542211092199e-30
 -1.145162334847235e-31,5.493493947011569e-32
 2.307311021690653e-31,-7.615258092620040e-31
 -1.023350862685081e-30,-4.655164700675139e-31
 -3.944097826296811e-30,-6.205831774103084e-31
 -2.300639740593364e-30,-3.752909256856683e-30
 -1.964681048194497e-30,-4.630371046850961e-30
 -1.242057304487884e-30,-4.909156542066098e-30
 -3.634722679475448e-30,-2.310158833737823e-31
 -3.362485756087580e-30,-4.415744352996392e-30
 9.353102377579326e-32,-5.072370170785936e-30
 -2.331077142371516e-30,-6.490916273591999e-30
 -3.350876931278168e-30,-4.171589825431479e-30
 -4.180516217368565e-31,-5.149796814267944e-30
 2.362668284537106e-30,-7.951426391837313e-30
 2.400390168392659e-30,-6.483508723042253e-30
 1.158382849877704e-31,-3.102979471065297e-30
 2.061008725978825e-30,-5.365826849707757e-30
 5.969371720961082e-30,-5.553426555587931e-30
 4.089900760370966e-31,-3.253692359563244e-31
 1.119968521893620e-30,3.099133417794107e-31
 1.739880380112071e-30,-1.968465794517371e-30
 3.365725002697706e-30,-2.200567439820446e-30
 8.468063367859469e-31,-2.987218028556598e-31
 -1.330257076366658e-30,1.634201296504840e-30
 9.228366635749726e-31,-1.721149174886368e-30
 3.210560178539207e-30,-1.356001215840449e-30
 1.726026250658274e-30,2.752824372302881e-30
 -1.300732994422330e-30,9.607208050093998e-31
 1.495820265443868e-30,-2.950478988383775e-31
 2.925055528454553e-30,-6.810737237067812e-32
 -1.092060357332198e-30,1.085584549731923e-30
 2.373397282225184e-31,4.938154869369944e-30
 3.741026876554993e-31,3.232635539123272e-30
 4.684881357947928e-30,-6.184006598586104e-30
 -2.563630504279726e-30,-2.506591226995672e-30
 -4.475941693109054e-31,-2.163238239824720e-30
 -2.351572479550070e-30,-6.000800283934216e-31
 3.126544216573297e-31,-4.871031115093609e-30
 3.707861185518238e-30,-4.446466228662199e-30
 -7.469194638675460e-30,9.727293445302350e-32
 -4.792082187630637e-30,-1.759754631160609e-30
 -1.450150313447990e-30,-3.832301625350239e-30
 -4.243562111105579e-30,-1.804633730852711e-30
 -3.123535069383177e-30,-2.258695735833270e-30
 -5.215335869862247e-30,3.352782519883830e-32
 -1.895192019849915e-30,-2.913302000038981e-30
 -2.695156155102206e-30,-1.930505655995659e-30
 -5.602393905881237e-30,3.486781695839719e-30
 -2.650512121626891e-30,7.519051732262017e-32
 4.355253688094445e-31,-1.715756198212274e-31
 -3.065820091308011e-30,-4.315661096799632e-31
 -3.043961111128560e-30,1.355627966391099e-30
 -2.200368895873586e-30,9.853322701179950e-31
 6.840630140215695e-31,-1.795013397474483e-30
 -2.685802218735846e-31,-9.603315916266664e-31
 -2.432579446032706e-30,6.510550627374313e-31
 -4.240011799879068e-31,-8.119178107057546e-31
 2.215365495302271e-30,-3.097371400689734e-30
 -1.306338836092542e-30,-8.357827609540287e-31
 1.374963166591465e-31,6.130746122376061e-31
 4.479166062607780e-31,-2.831759041070831e-30
 2.296856399656543e-30,-3.266238506356732e-30
 -3.725808646612614e-31,-1.894647004667277e-30
 -1.475505901740353e-30,5.012389423853497e-31
 1.853235984749488e-30,-2.497813654984717e-30
 9.715464345337939e-31,-1.577994185853484e-30
 -1.923430196108335e-31,2.526686094035564e-30
 -4.018277061948249e-31,1.587000224303238e-30
 -9.401909978187722e-31,7.604593461284555e-31
 1.222995931170952e-30,4.795894446051509e-30
 -2.514068533144702e-30,-2.310094292285301e-30
 -1.012705269593426e-30,-5.290281424714253e-30
 -4.855893612739893e-30,-1.520380781191253e-30
 6.868330537519860e-30,-1.754015980596385e-29
 -3.485676815825821e-30,-6.781905502297264e-30
 -1.015724148491498e-29,-8.544719674534483e-30
 -3.706657500280353e-30,-1.716038007159194e-29
 9.548373786687844e-30,-1.511550553959510e-29
 -4.287027118683917e-30,1.016363976727234e-29
 -4.596831590096025e-30,1.084498707505367e-29
 -2.365179758000763e-29,-5.418287822449350e-31
 -1.817180331480522e-29,7.884633713433117e-30
 -9.896955100194453e-31,2.123159357947268e-30
 -1.319592366122951e-29,6.340496931013406e-30
 -1.300005001406969e-30,-1.116920667915452e-30
 -1.550821182074506e-29,3.690348787669084e-30
 -9.884210879571918e-30,4.750462308412338e-30
 -6.857717954192209e-30,-2.597689251490436e-30
 -5.889345056405681e-30,1.641959739673901e-30
 -2.824916150614867e-30,-9.765199013098492e-32
 -6.973300028058017e-30,4.674119140512532e-30
 -3.535657843985241e-30,2.607976420967783e-30
 -3.933543743722503e-30,2.275842556072526e-30
 -2.061925669042075e-31,5.174063889641042e-31
 -1.413180362204350e-30,9.286788247942982e-31
 -2.268350982784488e-30,8.366477135120596e-31
 -8.156284608542828e-31,9.568064284943775e-31
 -9.338896733382598e-33,4.214634227294287e-31
 3.196818341044097e-31,7.011479038543839e-31
 -6.983905630958351e-31,5.149288485237121e-31
 -6.483317662269895e-32,-2.752998671067408e-31
 1.784688701440014e-30,-6.817220821196135e-32
 