9.596447620140288e+05
 9.517600955405018e+05
 9.319622875267889e+05
 9.005254997574615e+05
 8.578855353752569e+05
 8.046331739101977e+05
 7.415051514142009e+05
 6.693729317842305e+05
 5.892294507490254e+05
 5.021740470291941e+05
 4.093958253212230e+05
 3.121557223923089e+05
 2.117675700434867e+05
 1.095784663298064e+05
 6.948778583552740e+03
 -9.476789206987327e+04
 -1.942444552730360e+05
 -2.901994624984981e+05
 -3.814153154480965e+05
 -4.667552623156735e+05
 -5.451789178902345e+05
 -6.157560739613541e+05
 -6.776786011142591e+05
 -7.302702807635682e+05
 -7.729944461167223e+05
 -8.054593516346228e+05
 -8.274212314842262e+05
 -8.387850475758801e+05
 -8.396029662973182e+05
 -8.300706393876878e+05
 -8.105213980667481e+05
 -7.814185001950618e+05
 -7.433455976354171e+05
 -6.969956149272864e+05
 -6.431582507302057e+05
 -5.827063301144055e+05
 -5.165812485608150e+05
 -4.457777573637000e+05
 -3.713283449021283e+05
 -2.942874688773975e+05
 -2.157158910592079e+05
 -1.366653583618616e+05
 -5.816386228241304e+04
 1.879830692865963e+04
 9.328151422615115e+04
 1.644085671174159e+05
 2.313751867167474e+05
 2.934590399635159e+05
 3.500272390376476e+05
 4.005422433518388e+05
 4.445661289436860e+05
 4.817632189885841e+05
 5.119010969127463e+05
 5.348500496823131e+05
 5.505810128398034e+05
 5.591621104035648e+05
 5.607539015801152e+05
 5.556034621897783e+05
 5.440374416765842e+05
 5.264542465346114e+05
 5.033155079609683e+05
 4.751369956115470e+05
 4.424791405964363e+05
 4.059373294431834e+05
 3.661321268376217e+05
 3.236995787046403e+05
 2.792817388158829e+05
 2.335175518281863e+05
 1.870342137051238e+05
 1.404391171122144e+05
 9.431247487874166e+04
 4.920069927386828e+04
 5.610598949064921e+03
 -3.599556074648295e+04
 -7.520410446835418e+04
 -1.116530867505932e+05
 -1.450345263615276e+05
 -1.750957507593895e+05
 -2.016398795052407e+05
 -2.245254874813957e+05
 -2.436654993599383e+05
 -2.590253758612866e+05
 -2.706206598685676e+05
 -2.785139563882393e+05
 -2.828114246736888e+05
 -2.836588635902572e+05
 -2.812374725583142e+05
 -2.757593702497321e+05
 -2.674629517354788e+05
 -2.566081621061204e+05
 -2.434717608421365e+05
 -2.283426465343343e+05
 -2.115173060883976e+05
 -1.932954464360191e+05
 -1.739758601622382e+05
 -1.538525694863195e+05
 -1.332112858393426e+05
 -1.123262149972168e+05
 -9.145723047718064e+04
 -7.084743080409762e+04
 -5.072108940489566e+04
 -3.128199938888671e+04
 -1.271220939977504e+04
 4.828858849610647e+03
 2.120492577126229e+04
 3.630302066437550e+04
 5.003332269176475e+04
 6.232870188367961e+04
 7.314398850886099e+04
 8.245500104599145e+04
 9.025736426739806e+04
 9.656514963869030e+04
 1.014093703785799e+05
 1.048363631546536e+05
 1.069060875607437e+05
 1.076903732810461e+05
 1.072711432491366e+05
 1.057386392117619e+05
 1.031896739632248e+05
 9.972593218110281e+04
 9.545233932104138e+04
 9.047551546816768e+04
 8.490232844295006e+04
 7.883855786417336e+04
 7.238767932121945e+04
 6.564977533785554e+04
 5.872057745155909e+04
 5.169064151276572e+04
 4.464465624942006e+04
 3.766088326135460e+04
 3.081072491943093e+04
 2.415841515488056e+04
 1.776082683973723e+04
 1.166738838078149e+04
 5.920101274778170e+03
 5.536496966798022e+02
 -4.404407293049497e+03
 -8.933370640989517e+03
 -1.301907314911614e+04
 -1.665349811716716e+04
 -1.983435445970063e+04
 -2.256461769669049e+04
 -2.485204582638906e+04
 -2.670867860692794e+04
 -2.815032821475589e+04
 -2.919606862912809e+04
 -2.986773042752993e+04
 -3.018940698134895e+04
 -3.018697732763578e+04
 -2.988765027366170e+04
 -2.931953357730300e+04
 -2.851123134796266e+04
 -2.749147213845353e+04
 -2.628876955542689e+04
 -2.493111661073319e+04
 -2.344571447351720e+04
 -2.185873576671710e+04
 -2.019512208467558e+04
 -1.847841499250253e+04
 -1.673061940341312e+04
 -1.497209791742969e+04
 -1.322149444273452e+04
 -1.149568520808714e+04
 -9.809755109003936e+03
 -8.176997209276718e+03
 -6.608933139952007e+03
 -5.115352096858754e+03
 -3.704366131707930e+03
 -2.382479457099941e+03
 -1.154669538793635e+03
 -2.447782565276622e+01
 1.005891934841697e+03
 1.935469733255225e+03
 2.764411496903681e+03
 3.493889122277932e+03
 4.125979867384032e+03
 4.663556480184877e+03
 5.110179287320136e+03
 5.469991315570867e+03
 5.747617369127052e+03
 5.948067840394622e+03
 6.076647892337207e+03
 6.138872517466860e+03
 6.140387853580387e+03
 6.086899020013914e+03
 5.984104631107335e+03
 5.837638046161604e+03
 5.653015327628756e+03
 5.435589801652028e+03
 5.190513047294938e+03
 4.922702082633323e+03
 4.636812467026743e+03
 4.337216998912963e+03
 4.027989656905863e+03
 3.712894408271123e+03
 3.395378492431747e+03
 3.078569777385315e+03
 2.765277783177939e+03
 2.457997968222564e+03
 2.158918880646197e+03
 1.869931787360129e+03
 1.592642407577859e+03
 1.328384394462066e+03
 1.078234227919357e+03
 8.430272027536099e+02
 6.233742189678462e+02
 4.196791045045428e+02
 2.321562247616356e+02
 6.084815743118424e+01
 -9.435676473083248e+01
 -2.337072169548652e+02
 -3.575721021216877e+02
 -4.664243557360944e+02
 -5.608254438588024e+02
 -6.414106417706021e+02
 -7.088751625461902e+02
 -7.639611874701649e+02
 -8.074458343908152e+02
 -8.401300856849900e+02
 -8.628286845285434e+02
 -8.763609965903906e+02
 -8.815428240865552e+02
 -8.791791502826497e+02
 -8.700577849756257e+02
 -8.549438751427048e+02
 -8.345752397606200e+02
 -8.096584836734756e+02
 -7.808658422660194e+02
 -7.488327064767039e+02
 -7.141557762930285e+02
 -6.773917902158720e+02
 -6.390567781874553e+02
 -5.996257860608240e+02
 -5.595330207748381e+02
 -5.191723669137089e+02
 -4.788982272052998e+02
 -4.390266416757958e+02
 -3.998366425850564e+02
 -3.615718048384117e+02
 -3.244419542819063e+02
 -2.886249990688891e+02
 -2.542688521130007e+02
 -2.214934154713180e+02
 -1.903926002970403e+02
 -1.610363587483020e+02
 -1.334727068976884e+02
 -1.077297202515455e+02
 -8.381748593649188e+01
 -6.172999792512913e+01
 -4.144698385906048e+01
 -2.293565405983378e+01
 -6.152365205505490e+00
 8.955807108368161e+00
 2.244959112596753e+01
 3.439613976727163e+01
 4.486775101851727e+01
 5.394068819968819e+01
 6.169409942590845e+01
 6.820903469449158e+01
 7.356755827317427e+01
 7.785195342314070e+01
 8.114401595763654e+01
 8.352443270306910e+01
 8.507224059012682e+01
 8.586436184475336e+01
 8.597521057014349e+01
 8.547636590011797e+01
 8.443630685350938e+01
 8.292020402454885e+01
 8.098976329613315e+01
 7.870311685326726e+01
 7.611475690559077e+01
 7.327550767854717e+01
 7.023253141801514e+01
 6.702936434909680e+01
 6.370597874431483e+01
 6.029886748232222e+01
 5.684114770607953e+01
 5.336268042915538e+01
 4.989020317025079e+01
 4.644747293393824e+01
 4.305541708630353e+01
 3.973228989718697e+01
 3.649383274249768e+01
 3.335343616937046e+01
 3.032230222545874e+01
 2.740960565025045e+01
 2.462265270047822e+01
 2.196703655510564e+01
 1.944678840349942e+01
 1.706452346311850e+01
 1.482158131561307e+01
 1.271816006468388e+01
 1.075344394394229e+01
 8.925724094505412e+00
 7.232512332346412e+00
 5.670647804383318e+00
 4.236396505432388e+00
 2.925543694891238e+00
 1.733479305121990e+00
 6.552764827947214e-01
 -3.142365531763542e-01
 -1.180411121813989e+00
 -1.948718912511091e+00
 -2.624698773842288e+00
 -3.213909173041359e+00
 -3.721886030222025e+00
 -4.154105620831617e+00
 -4.515952237257880e+00
 -4.812690295838888e+00
 -5.049440581378895e+00
 -5.231160320229852e+00
 -5.362626782654539e+00
 -5.448424121756010e+00
 -5.492933165152529e+00
 -5.500323887340966e+00
 -5.474550300401502e+00
 -5.419347515956983e+00
 -5.338230740726506e+00
 -5.234495984415340e+00
 -5.111222270054019e+00
 -4.971275150681276e+00
 -4.817311352247279e+00
 -4.651784371709971e+00
 -4.476950874628590e+00
 -4.294877751562226e+00
 -4.107449699628792e+00
 -3.916377211592732e+00
 -3.723204865247079e+00
 -3.529319814728167e+00
 -3.335960398720892e+00
 -3.144224788241591e+00
 -2.955079604414770e+00
 -2.769368449577191e+00
 -2.587820297859194e+00
 -2.411057702457502e+00
 -2.239604781705364e+00
 -2.073894951943386e+00
 -1.914278383696451e+00
 -1.761029158752726e+00
 -1.614352113755767e+00
 -1.474389358348047e+00
 -1.341226460993007e+00
 -1.214898297462938e+00
 -1.095394561064245e+00
 -9.826649369195294e-01
 -8.766239421626592e-01
 -7.771554404847545e-01
 -6.841168347520600e-01
 -5.973429511205233e-01
 -5.166496204287387e-01
 -4.418369702709063e-01
 -3.726924386182974e-01
 -3.089935230129149e-01
 -2.505102741477879e-01
 -1.970075511451323e-01
 -1.482470497449795e-01
 -1.039891155062553e-01
 -6.399435715043422e-02
 -2.802507216034152e-02
 4.153503645079430e-03
 3.277210879045450e-02
 5.805651973846773e-02
 8.022675426066841e-02
 9.949640193204162e-02
 1.160720730937245e-01
 1.301529541607087e-01
 1.419304607247911e-01
 1.515879790030604e-01
 1.593006864124962e-01
 1.652354438512008e-01
 1.695507512688743e-01
 1.723967600493773e-01
 1.739153346019377e-01
 1.742401577439607e-01
 1.734968735809287e-01
 1.718032630073266e-01
 1.692694464767338e-01
 1.659981093747926e-01
 1.620847467845982e-01
 1.576179229854991e-01
 1.526795423352263e-01
 1.473451298462486e-01
 1.416841160098648e-01
 1.357601264483854e-01
 1.296312720265633e-01
 1.233504384217186e-01
 1.169655731937921e-01
 1.105199691866877e-01
 1.040525422703759e-01
 9.759810336552449e-02
 9.118762306717963e-02
 8.484848810516607e-02
 7.860474928121891e-02
 7.247736077696700e-02
 6.648440926575723e-02
 6.064133423121809e-02
 5.496113695146359e-02
 4.945458126707754e-02
 4.413038304120807e-02
 3.899538985760738e-02
 3.405475084544369e-02
 2.931207762614916e-02
 2.476959409531470e-02
 2.042827824776913e-02
 1.628799428030821e-02
 1.234761608115741e-02
 8.605142381454116e-03
 5.057803248464931e-03
 1.702159320789395e-03
 -1.465806921192964e-03
 -4.450606518202361e-03
 -7.257166856769343e-03
 -9.890760357001566e-03
 -1.235693981220618e-02
 -1.466147918658078e-02
 -1.681031981273938e-02
 -1.880952213730421e-02
 -2.066522154813748e-02
 -2.238358979199070e-02
 -2.397079915559885e-02
 -2.543299236424707e-02
 -2.677625397323286e-02
 -2.800658728621821e-02
 -2.912989290412030e-02
 -3.015195040802394e-02
 -3.107840366316000e-02
 -3.191474707579578e-02
 -3.266631511120231e-02
 -3.333827352686337e-02
 -3.393561251150860e-02
 -3.446314115822349e-02
 -3.492548430925171e-02
 -3.532707914668745e-02
 -3.567217528776664e-02
 -3.596483370489994e-02
 -3.620892813121807e-02
 -3.640814648861634e-02
 -3.656599367369907e-02
 -3.668579430004865e-02
 -3.677069659987107e-02
 -3.682367646196089e-02
 -3.684754193288714e-02
 -3.684493820654684e-02
 -3.681835288106322e-02
 -3.677012070746419e-02
 -3.670242990007778e-02
 -3.661732703873530e-02
 -3.651672317799655e-02
 -3.640239939521552e-02
 -3.627601263506781e-02
 -3.613910132114388e-02
 -3.599309100989397e-02
 -3.583929974811145e-02
 -3.567894404451517e-02
 -3.551314354960648e-02
 -3.534292690019652e-02
 -3.516923682277975e-02
 -3.499293415694046e-02
 -3.481480369988012e-02
 -3.463555865334032e-02
 -3.445584435054773e-02
 -3.427624338076348e-02
 -3.409727923152481e-02
 -3.391942042322461e-02
 -3.374308432340671e-02
 -3.356864051636880e-02
 -3.339641453010740e-02
 -3.322669059446889e-02
 -3.305971545544478e-02
 -3.289570068598340e-02
 -3.273482571942673e-02
 -3.257724055472181e-02
 -3.242306793753062e-02
 -3.227240597544425e-02
 -3.212533035085657e-02
 -3.198189584562342e-02
 -3.184213898804066e-02
 -3.170607953515179e-02
 -3.157372197623142e-02
 -3.144505716404718e-02
 -3.132006429077610e-02
 -3.119871138331451e-02
 -3.108095724456046e-02
 -3.096675233248280e-02
 -3.085603982614791e-02
 -3.074875690652357e-02
 -3.064483513908622e-02
 -3.054420177738519e-02
 -3.044678036224200e-02
 -3.035249133337806e-02
 -3.026125305288525e-02
 -3.017298173563932e-02
 -3.008759257610602e-02
 -3.000499996340806e-02
 -2.992511802141199e-02
 -2.984786082027969e-02
 -2.977314276021807e-02
 -2.970087920460318e-02
 -2.963098612292764e-02
 -2.956338115137028e-02
 -2.949798292416541e-02
 -2.943471197268603e-02
 -2.937349048746406e-02
 -2.931424247055692e-02
 -2.925689400249947e-02
 -2.920137330080630e-02
 -2.914761051743658e-02
 -2.909553849319313e-02
 -2.904509195346505e-02
 -2.899620772512993e-02
 -2.894882550310740e-02
 -2.890288681815395e-02
 -2.885833580505267e-02
 -2.881511872738768e-02
 -2.877318410658426e-02
 -2.873248274420399e-02
 -2.869296769710604e-02
 -2.865459398331210e-02
 -2.861731891769694e-02
 -2.858110194992305e-02
 -2.854590437765715e-02
 -2.851168955295171e-02
 -2.847842267970979e-02
 -2.844607093441208e-02
 -2.841460317321220e-02
 -2.838398997114510e-02
 -2.835420363321125e-02
 -2.832521811959952e-02
 -2.829700895469735e-02
 -2.826955293228352e-02
 -2.824282874617068e-02
 -2.821681575720993e-02
 -2.819149518889768e-02
 -2.816684959930352e-02
 -2.814286238691257e-02
 -2.811951817857314e-02
 -2.809680285083802e-02
 -2.807470326956800e-02
 -2.805320737430431e-02
 -2.803230344604835e-02
 -2.801198156955155e-02
 -2.799223215150404e-02
 -2.797304653347547e-02
 -2.795441679438430e-02
 -2.793633568829380e-02
 -2.791879668328954e-02
 -2.790179389075546e-02
 -2.788532208142117e-02
 -2.786937652387559e-02
 -2.785395295077667e-02
 -2.783904788589788e-02
 -2.782465787414716e-02
 -2.781078033598245e-02
 -2.779741290885185e-02
 -2.778455356467393e-02
 -2.777220078226354e-02
 -2.776035319214046e-02
 -2.774901004123947e-02
 -2.773817051131349e-02
 -2.772783428075471e-02
 -2.771800121291289e-02
 -2.770867152616371e-02
 -2.769984541108958e-02
 -2.769152350296522e-02
 -2.768370650059281e-02
 -2.767639527218111e-02
 -2.766959080240593e-02
 -2.766329445710790e-02
 -2.765750739036941e-02
 -2.765223120096514e-02
 -2.764746722826594e-02
 -2.764321738868386e-02
 -2.763948330216940e-02
 -2.763626683219506e-02
 -2.763356981046957e-02
 -2.763139418516872e-02
 -2.762974208446280e-02
 -2.762861562328718e-02
 -2.762801676569951e-02
 -2.762794786883368e-02
 -2.762841101056737e-02
 -2.762940845406674e-02
 -2.763094241419061e-02
 -2.763301528248355e-02
 -2.763562923740844e-02
 -2.763878670889102e-02
 -2.764248986679150e-02
 -2.764674115427053e-02
 -2.765154289405126e-02
 -2.765689741547431e-02
 -2.766280706640912e-02
 -2.766927418678421e-02
 -2.767630110329320e-02
 -2.768389015321764e-02
 -2.769204366060418e-02
 -2.770076393361759e-02
 -2.771005324865892e-02
 -2.771991398800833e-02
 -2.773034849159435e-02
 -2.774135889817517e-02
 -2.775294759003094e-02
 -2.776511679591711e-02
 -2.777786878164682e-02
 -2.779120580244528e-02
 -2.780513016647728e-02
 -2.781964394897354e-02
 -2.783474959574170e-02
 -2.785044930906741e-02
 -2.786674516418140e-02
 -2.788363943219075e-02
 -2.790113440008444e-02
 -2.791923228602997e-02
 -2.793793533995863e-02
 -2.795724576415607e-02
 -2.797716572385027e-02
 -2.799769771381795e-02
 -2.801884384072270e-02
 -2.804060639916354e-02
 -2.806298780616221e-02
 -2.808599035697949e-02
 -2.810961654109814e-02
 -2.813386865080107e-02
 -2.815874917424756e-02
 -2.818426062077274e-02
 -2.821040560559081e-02
 -2.823718677567974e-02
 -2.826460684154496e-02
 -2.829266847134026e-02
 -2.832137467203259e-02
 -2.835072826000651e-02
 -2.838073241163557e-02
 -2.841139023976584e-02
 -2.844270489959507e-02
 -2.847468013924404e-02
 -2.850731919861376e-02
 -2.854062601640746e-02
 -2.857460440427339e-02
 -2.860925851267299e-02
 -2.864459259794682e-02
 -2.868061106466621e-02
 -2.871731872503709e-02
 -2.875472064008132e-02
 -2.879282190258449e-02
 -2.883162826178274e-02
 -2.887114530279955e-02
 -2.891137949220210e-02
 -2.895233727074949e-02
 -2.899402543918985e-02
 -2.903645147722116e-02
 -2.907962312923918e-02
 -2.912354854793602e-02
 -2.916823650274968e-02
 -2.921369610987224e-02
 -2.925993726900128e-02
 -2.930697043569973e-02
 -2.935480643081350e-02
 -2.940345701751265e-02
 -2.945293432954414e-02
 -2.950325175002854e-02
 -2.955442300089960e-02
 -2.960646260877236e-02
 -2.965938628610799e-02
 -2.971321040181821e-02
 -2.976795242595753e-02
 -2.982363067561346e-02
 -2.988026459019213e-02
 -2.993787481612162e-02
 -2.999648288921463e-02
 -3.005611176406402e-02
 -3.011678566581209e-02
 -3.017852996309561e-02
 -3.024137162332602e-02
 -3.030533878917301e-02
 -3.037046122855072e-02
 -3.043677039285127e-02
 -3.050429877108214e-02
 -3.057308122609374e-02
 -3.064315377151013e-02
 -3.071455440321102e-02
 -3.078732301429755e-02
 -3.086150120467534e-02
 -3.093713244831041e-02
 -3.101426234733905e-02
 -3.109293832501841e-02
 -3.117320998571545e-02
 -3.125512904079161e-02
 -3.133874891685003e-02
 -3.142412558159271e-02
 -3.151131714147982e-02
 -3.160038369349896e-02
 -3.169138740986849e-02
 -3.178439283449896e-02
 -3.187946662888333e-02
 -3.197667719093209e-02
 -3.207609550200623e-02
 -3.217779411047766e-02
 -3.228184772465235e-02
 -3.238833291630873e-02
 -3.249732765482958e-02
 -3.260891200600424e-02
 -3.272316698853413e-02
 -3.284017527283489e-02
 -3.296002031282766e-02
 -3.308278655769727e-02
 -3.320855889073294e-02
 -3.333742259094712e-02
 -3.346946268324235e-02
 -3.360476407870112e-02
 -3.374341037021091e-02
 -3.388548429700879e-02
 -3.403106643310388e-02
 -3.418023509728005e-02
 -3.433306565429380e-02
 -3.448962959372585e-02
 -3.464999419116807e-02
 -3.481422155531130e-02
 -3.498236729386852e-02
 -3.515448040769574e-02
 -3.533060159672607e-02
 -3.551076258695526e-02
 -3.569498457485706e-02
 -3.588327696035528e-02
 -3.607563628942510e-02
 -3.627204449879165e-02
 -3.647246736666434e-02
 -3.667685282256126e-02
 -3.688512899814602e-02
 -3.709720268948857e-02
 -3.731295663044017e-02
 -3.753224772084348e-02
 -3.775490496102121e-02
 -3.798072610386605e-02
 -3.820947592816308e-02
 -3.844088287031043e-02
 -3.867463634286848e-02
 -3.891038381841735e-02
 -3.914772711975528e-02
 -3.938621952981226e-02
 -3.962536204381875e-02
 -3.986459927687098e-02
 -4.010331626081876e-02
 -4.034083403640612e-02
 -4.057640557096957e-02
 -4.080921094887913e-02
 -4.103835376761577e-02
 -4.126285561541030e-02
 -4.148165168023776e-02
 -4.169358599250531e-02
 -4.189740626812904e-02
 -4.209175823444211e-02
 -4.227518148460331e-02
 -4.244610318434746e-02
 -4.260283338549291e-02
 -4.274355938834371e-02
 -4.286634046342433e-02
 -4.296910251073886e-02
 -4.304963284371747e-02
 -4.310557518211633e-02
 -4.313442435754474e-02
 -4.313352181122445e-02
 -4.310005109760126e-02
 -4.303103345297307e-02
 -4.292332414154360e-02
 -4.277360911233057e-02
 -4.257840195770529e-02
 -4.233404207721720e-02
 -4.203669263495399e-02
 -4.168234007630275e-02
 -4.126679446080738e-02
 -4.078569044485923e-02
 -4.023448974537180e-02
 -3.960848455554035e-02
 -3.890280286377869e-02
 -3.811241520814521e-02
 -3.723214233487724e-02
 -3.625666639494246e-02
 -3.518054250587315e-02
 -3.399821404335786e-02
 -3.270402934003278e-02
 -3.129226149778083e-02
 -2.975713185732730e-02
 -2.809283485121209e-02
 -2.629356838034345e-02
 -2.435356633907046e-02
 -2.226713558784037e-02
 -2.002869751157972e-02
 -1.763283338914474e-02
 -1.507433528974442e-02
 -1.234826151937400e-02
 -9.449997731884619e-03
 -6.375323988288102e-03
 -3.120487622311305e-03
 3.177177556869777e-04
 3.941865586690075e-03
 7.753803935619548e-03
 1.175455458344819e-02
 1.594420499294525e-02
 2.032179262366274e-02
 2.488518014512257e-02
 2.963092272859132e-02
 3.455412656809344e-02
 3.964829853404843e-02
 4.490518596327536e-02
 5.031460808090755e-02
 5.586427750937478e-02
 6.153961244943513e-02
 6.732353955443232e-02
 7.319628732837198e-02
 7.913517031251462e-02
 8.511436476987529e-02
 9.110467516882804e-02
 9.707329325517194e-02
 1.029835489556231e-01
 1.087946546638621e-01
 1.144614440367483e-01
 1.199341047977775e-01
 1.251579089094418e-01
 1.300729392992254e-01
 1.346138166173639e-01
 1.387094260740122e-01
 1.422826482045288e-01
 1.452500939599215e-01
 1.475218483999710e-01
 1.490012245136933e-01
 1.495845310581964e-01
 1.491608577564190e-01
 1.476118815648137e-01
 1.448116981720237e-01
 1.406266836360509e-01
 1.349153900774429e-01
 1.275284832212003e-01
 1.183087240055744e-01
 1.070910041362751e-01
 9.370243941361943e-02
 7.796253056291286e-02
 5.968339645438315e-02
 3.867009045939835e-02
 1.472100717451220e-02
 -1.237161200574545e-02
 -4.282106273592700e-02
 -7.684544316740129e-02
 -1.146667897788710e-01
 -1.565100716253330e-01
 -2.026020339845805e-01
 -2.531698775416711e-01
 -3.084397623910983e-01
 -3.686351253105515e-01
 -4.339747957372945e-01
 -5.046709003886487e-01
 -5.809265435140364e-01
 -6.629332487866585e-01
 -7.508681536656754e-01
 -8.448909414481662e-01
 -9.451405020746679e-01
 -1.051731309914538e+00
 -1.164749509208481e+00
 -1.284248698284988e+00
 -1.410245405149728e+00
 -1.542714249429231e+00
 -1.681582785194904e+00
 -1.826726023608601e+00
 -1.977960636252643e+00
 -2.135038841134836e+00
 -2.297641978605308e+00
 -2.465373786761940e+00
 -2.637753389658692e+00
 -2.814208016861542e+00
 -2.994065476470198e+00
 -3.176546410589980e+00
 -3.360756365885822e+00
 -3.545677719971272e+00
 -3.730161510251055e+00
 -3.912919220073176e+00
 -4.092514582065205e+00
 -4.267355472367787e+00
 -4.435685971691285e+00
 -4.595578685426871e+00
 -4.744927419193806e+00
 -4.881440321070126e+00
 -5.002633610605379e+00
 -5.105826026879662e+00
 -5.188134139943306e+00
 -5.246468681957207e+00
 -5.277532066561542e+00
 -5.277817279453190e+00
 -5.243608333628885e+00
 -5.170982497234070e+00
 -5.055814514369098e+00
 -4.893783050750559e+00
 -4.680379610090950e+00
 -4.410920175098783e+00
 -4.080559841448443e+00
 -3.684310718940080e+00
 -3.217063383731321e+00
 -2.673612172604546e+00
 -2.048684612660769e+00
 -1.336975284045163e+00
 -5.331844124621921e-01
 3.679385172461556e-01
 1.371545836371461e+00
 2.482637184413462e+00
 3.705999154001512e+00
 5.046138846707927e+00
 6.507211124225710e+00
 8.092939366403460e+00
 9.806529583629167e+00
 1.165057778026727e+01
 1.362697050812021e+01
 1.573677861110030e+01
 1.798014423006055e+01
 2.035616120767168e+01
 2.286274912054094e+01
 2.549652125870884e+01
 2.825264697578595e+01
 3.112470894822062e+01
 3.410455600596611e+01
 3.718215233363592e+01
 4.034542398558676e+01
 4.358010381807355e+01
 4.686957610682959e+01
 5.019472229901118e+01
 5.353376953530660e+01
 5.686214377420065e+01
 6.015232956011160e+01
 6.337373868381766e+01
 6.649259020866798e+01
 6.947180455554999e+01
 7.227091456527705e+01
 7.484599668546235e+01
 7.714962564968231e+01
 7.913085623624080e+01
 8.073523590348678e+01
 8.190485229790174e+01
 8.257841981002483e+01
 8.269140951718448e+01
 8.217622698566660e+01
 8.096244251396315e+01
 7.897707846239918e+01
 7.614495834704701e+01
 7.238912235089151e+01
 6.763131382906185e+01
 6.179254124698457e+01
 5.479371977982562e+01
 4.655639651824516e+01
 3.700356285179987e+01
 2.606055714224300e+01
 1.365606023241380e+01
 -2.768143313192502e-01
 -1.579933427171487e+01
 -3.296586656379105e+01
 -5.182250028093707e+01
 -7.240557631978230e+01
 -9.474012733461750e+01
 -1.188382326564745e+02
 -1.446972945661706e+02
 -1.722982440335222e+02
 -2.016036859135653e+02
 -2.325559956227385e+02
 -2.650753814723265e+02
 -2.990579291357287e+02
 -3.343736471241601e+02
 -3.708645346745555e+02
 -4.083426960374013e+02
 -4.465885278368297e+02
 -4.853490088784434e+02
 -5.243361245112530e+02
 -5.632254603589395e+02
 -6.016550028896767e+02
 -6.392241868524198e+02
 -6.754932320226264e+02
 -7.099828139207549e+02
 -7.421741151403486e+02
 -7.715093055829090e+02
 -7.973925011852972e+02
 -8.191912515698391e+02
 -8.362386073769561e+02
 -8.478358177777550e+02
 -8.532557077339656e+02
 -8.517467828939185e+02
 -8.425381075016090e+02
 -8.248449972788927e+02
 -7.978755648294068e+02
 -7.608381496365092e+02
 -7.129496581133302e+02
 -6.534448313407003e+02
 -5.815864490408625e+02
 -4.966764679381071e+02
 -3.980680808978436e+02
 -2.851786701115647e+02
 -1.575036130800844e+02
 -1.463088425898129e+01
 1.437436219910770e+02
 3.178001400194410e+02
 5.075785656494601e+02
 7.129616064729421e+02
 9.336577048136664e+02
 1.169183911019971e+03
 1.418848907837359e+03
 1.681736410013438e+03
 1.956689186727700e+03
 2.242293977571145e+03
 2.536867595288156e+03
 2.838444529906530e+03
 3.144766388791577e+03
 3.453273525087877e+03
 3.761099222430010e+03
 4.065066816177227e+03
 4.361690140179562e+03
 4.647177692606266e+03
 4.917440914067582e+03
 5.168106965503929e+03
 5.394536381477205e+03
 5.591845955989975e+03
 5.754937192156670e+03
 5.878530613432315e+03
 5.957206192137227e+03
 5.985450100264163e+03
 5.957707927643511e+03
 5.868444443192948e+03
 5.712209896023343e+03
 5.483712764569999e+03
 5.177898763773567e+03
 4.790035812908548e+03
 4.315804550395998e+03
 3.751393857482333e+03
 3.093600720859040e+03
 2.339933626221808e+03
 1.488718531720744e+03
 5.392063237929146e+02
 -5.083194902085882e+02
 -1.652436245809596e+03
 -2.890478279757749e+03
 -4.218437460640052e+03
 -5.630869901059444e+03
 -7.120810781138945e+03
 -8.679699319380459e+03
 -1.029731601557386e+04
 -1.196173435806878e+04
 -1.365928923072990e+04
 -1.537456426971706e+04
 -1.709040040329503e+04
 -1.878792775572530e+04
 -2.044662300559890e+04
 -2.204439415666697e+04
 -2.355769450255402e+04
 -2.496166734333172e+04
 -2.623032273994065e+04
 -2.733674727057659e+04
 -2.825334738081614e+04
 -2.895212649660415e+04
 -2.940499559728410e+04
 -2.958411642659040e+04
 -2.946227595591628e+04
 -2.901329011029709e+04
 -2.821243412861587e+04
 -2.703689626194299e+04
 -2.546625082528420e+04
 -2.348294591714263e+04
 -2.107280041825448e+04
 -1.822550418680801e+04
 -1.493511469471524e+04
 -1.120054271136151e+04
 -7.026019051897335e+03
 -2.421533881461493e+03
 2.596760379814574e+03
 8.006191857824213e+03
 1.377726727924690e+04
 1.987343494236165e+04
 2.625092223937674e+04
 3.285865718323795e+04
 3.963828304070400e+04
 4.652427464221666e+04
 5.344416421827782e+04
 6.031888369459051e+04
 6.706322925974856e+04
 7.358645269849781e+04
 7.979298246271470e+04
 8.558327573714977e+04
 9.085480085760639e+04
 9.550314736970347e+04
 9.942325879526931e+04
 1.025107808237382e+05
 1.046635151952216e+05
 1.057829670221550e+05
 1.057759707438674e+05
 1.045563773634036e+05
 1.020467831225374e+05
 9.818027737651001e+04
 9.290218518479740e+04
 8.617177809044869e+04
 7.796392477197191e+04
 6.827065177266057e+04
 5.710258339651494e+04
 4.449022915994632e+04
 3.048508695402234e+04
 1.516053034903813e+04
 -1.387550697639309e+03
 -1.904038505406088e+04
 -3.765625884220328e+04
 -5.707078172087156e+04
 -7.709750236831431e+04
 -9.752889058639559e+04
 -1.181376989122554e+05
 -1.386787115064054e+05
 -1.588908824333146e+05
 -1.784998593208516e+05
 -1.972208818513061e+05
 -2.147620376850673e+05
 -2.308278513466077e+05
 -2.451231744203868e+05
 -2.573573382303707e+05
 -2.672485231375322e+05
 -2.745282918174071e+05
 -2.789462275109488e+05
 -2.802746124149872e+05
 -2.783130762320150e+05
 -2.728931405692728e+05
 -2.638825814966697e+05
 -2.511895302683535e+05
 -2.347662311018207e+05
 -2.146123750986552e+05
 -1.907779309760945e+05
 -1.633653963358842e+05
 -1.325313977834797e+05
 -9.848757436003635e+04
 -6.150068646765008e+04
 -2.189190172932545e+04
 1.996478003142490e+04
 6.364498837900657e+04
 1.086773427364756e+05
 1.545477096116468e+05
 2.007043391596341e+05
 2.465638477728154e+05
 2.915179971846251e+05
 3.349412043619403e+05
 3.761987005652299e+05
 4.146552427055119e+05
 4.496842658485214e+05
 4.806773527225432e+05
 5.070538846690857e+05
 5.282707288989784e+05
 5.438318094118315e+05
 5.532974037003038e+05
 5.562930045530716e+05
 5.525175860187920e+05
 5.417511149934903e+05
 5.238611550131994e+05
 4.988084167135084e+05
 4.666511200732465e+05
 4.275480469780391e+05
 3.817601787750973e+05
 3.296508322565847e+05
 2.716842287676322e+05
 2.084224546867752e+05
 1.405207970986504e+05
 6.872146571714806e+04
 -6.154259418124588e+03
 -8.321538578287589e+04
 -1.615119737904433e+05
 -2.400471831330705e+05
 -3.177904459338944e+05
 -3.936915871237324e+05
 -4.666956896316975e+05
 -5.357584824332017e+05
 -5.998620137713813e+05
 -6.580303603821127e+05
 -7.093451166000246e+05
 -7.529604049546870e+05
 -7.881171522972154e+05
 -8.141563825197413e+05
 -8.305312883346279e+05
 -8.368178600854563e+05
 -8.327238688429907e+05
 -8.180960237564923e+05
 -7.929251494494299e+05
 -7.573492578522674e+05
 -7.116544199556347e+05
 -6.562733762552701e+05
 -5.917818598441129e+05
 -5.188926428465948e+05
 -4.384473547770813e+05
 -3.514061599356626e+05
 -2.588354195140416e+05
 -1.618935019369497e+05
 -6.181494126532097e+04
 4.010682269227393e+04
 1.425378585443364e+05
 2.441230217822490e+05
 3.435057869072722e+05
 4.393483079578993e+05
 5.303513741577404e+05
 6.152739263106162e+05
 6.929518054659688e+05
 7.623154180655857e+05
 8.224060208190882e+05
 8.723903532914575e+05
 9.115733758191143e+05
 9.394089040095301e+05
 9.555079678046522e+05
 