9.999999942460519e+05
 9.937297643828578e+05
 9.750066397895826e+05
 9.440919437506542e+05
 9.014167237058008e+05
 8.475750946419504e+05
 7.833150790721390e+05
 7.095270992537262e+05
 6.272303167428577e+05
 5.375570501979117e+05
 4.417355338787037e+05
 3.410713059743489e+05
 2.369275372625045e+05
 1.307046262946494e+05
 2.381939706777643e+04
 -8.231576114839257e+04
 -1.863134745195728e+05
 -2.868313569036991e+05
 -3.825910587330878e+05
 -4.723960970734679e+05
 -5.551481958664509e+05
 -6.298618942759074e+05
 -6.956772138309749e+05
 -7.518702110231192e+05
 -7.978612804548710e+05
 -8.332211138009841e+05
 -8.576742609564490e+05
 -8.711002810338141e+05
 -8.735325115702637e+05
 -8.651545236755153e+05
 -8.462943681987877e+05
 -8.174167526750851e+05
 -7.791133202521056e+05
 -7.320912294993866e+05
 -6.771602575450699e+05
 -6.152186680474095e+05
 -5.472380998566468e+05
 -4.742477417233512e+05
 -3.973180630233157e+05
 -3.175443702524489e+05
 -2.360304541440524e+05
 -1.538725829063240e+05
 -7.214408357820360e+04
 8.119263766104048e+03
 8.593281483330626e+04
 1.603754522644354e+05
 2.306006242150274e+05
 2.958459030033924e+05
 3.554409652381017e+05
 4.088139242606428e+05
 4.554959752650926e+05
 4.951243425491361e+05
 5.274435465046320e+05
 5.523050347038719e+05
 5.696652463579528e+05
 5.795822021463347e+05
 5.822107316285492e+05
 5.777964678974377e+05
 5.666687536281699e+05
 5.492326140919661e+05
 5.259599609743194e+05
 4.973801959621783e+05
 4.640703850989834e+05
 4.266451739610526e+05
 3.857466099435913e+05
 3.420340315635983e+05
 2.961741759320738e+05
 2.488316446923381e+05
 2.006598560625081e+05
 1.522925964731456e+05
 1.043362699811344e+05
 5.736292749694764e+04
 1.190414121079433e+04
 -3.155422723903350e+04
 -7.257633304202183e+04
 -1.107797134556059e+05
 -1.458377122073024e+05
 -1.774809780448162e+05
 -2.054980661160657e+05
 -2.297351832931743e+05
 -2.500951295844059e+05
 -2.665354973011091e+05
 -2.790661975917291e+05
 -2.877463902832969e+05
 -2.926808976752409e+05
 -2.940161860329956e+05
 -2.919360000788642e+05
 -2.866567358484184e+05
 -2.784226359672270e+05
 -2.675008888178587e+05
 -2.541767093387033e+05
 -2.387484744634292e+05
 -2.215229806201370e+05
 -2.028108844146320e+05
 -1.829223807764986e+05
 -1.621631656024100e+05
 -1.408307224369675e+05
 -1.192109651296228e+05
 -9.757526083072367e+04
 -7.617785026401062e+04
 -5.525367504882670e+04
 -3.501661504190586e+04
 -1.565813231123419e+04
 2.653687485633476e+03
 1.977471081233264e+04
 3.558496819605747e+04
 4.998852554727279e+04
 6.291304134429139e+04
 7.430903884745638e+04
 8.414892452870159e+04
 9.242578528590742e+04
 9.915199778580024e+04
 1.043576834801959e+05
 1.080890425109095e+05
 1.104065989067761e+05
 1.113833882341470e+05
 1.111031172450034e+05
 1.096583231311175e+05
 1.071485577956774e+05
 1.036786201521038e+05
 9.935685690862570e+04
 9.429354964941402e+04
 8.859940332861419e+04
 8.238414859877145e+04
 7.575526774215617e+04
 6.881685140021032e+04
 6.166859083592134e+04
 5.440490814475922e+04
 4.711422467541626e+04
 3.987836595069964e+04
 3.277209960561366e+04
 2.586280129352644e+04
 1.921024215772689e+04
 1.286649032612373e+04
 6.875917959236505e+03
 1.275304660701740e+03
 -3.905972462794164e+03
 -8.645672139394306e+03
 -1.292835587345203e+04
 -1.674499869286938e+04
 -2.009255375518536e+04
 -2.297348058517537e+04
 -2.539524632290005e+04
 -2.736980887023788e+04
 -2.891309025259224e+04
 -3.004444787688389e+04
 -3.078615068278695e+04
 -3.116286646625011e+04
 -3.120116591656337e+04
 -3.092904816338515e+04
 -3.037549188985243e+04
 -2.957003534255688e+04
 -2.854238786788087e+04
 -2.732207493476677e+04
 -2.593811797298209e+04
 -2.441874976861745e+04
 -2.279116561899727e+04
 -2.108130996034110e+04
 -1.931369774524860e+04
 -1.751126946428918e+04
 -1.569527837665663e+04
 -1.388520823820147e+04
 -1.209871958966870e+04
 -1.035162249157127e+04
 -8.657873462189713e+03
 -7.029594288719272e+03
 -5.477110335239486e+03
 -4.009005961414404e+03
 -2.632194688911283e+03
 -1.352001804681534e+03
 -1.722571676526221e+02
 9.046039157081066e+02
 1.877433764743616e+03
 2.746261233587509e+03
 3.512178200431681e+03
 4.177225231827051e+03
 4.744277861899392e+03
 5.216934769181986e+03
 5.599408976670503e+03
 5.896423045806106e+03
 6.113109084241350e+03
 6.254914242037885e+03
 6.327512232704965e+03
 6.336721285306506e+03
 6.288428812588226e+03
 6.188522968328696e+03
 6.042831165335503e+03
 5.857065533917922e+03
 5.636775219348956e+03
 5.387305345698105e+03
 5.113762412270938e+03
 4.820985837393921e+03
 4.513525322037741e+03
 4.195623672267384e+03
 3.871204694189515e+03
 3.543865757346709e+03
 3.216874611728575e+03
 2.893170039098480e+03
 2.575365920488566e+03
 2.265758307854424e+03
 1.966335098335171e+03
 1.678787923720381e+03
 1.404525884968263e+03
 1.144690781372784e+03
 9.001735057134154e+02
 6.716312999191364e+02
 4.595055899969208e+02
 2.640401437742923e+02
 8.529932002977905e+01
 -7.681379752847383e+01
 -2.225395634873917e+02
 -3.522443894066823e+02
 -4.664039532655217e+02
 -5.655871131317546e+02
 -6.504406178419398e+02
 -7.216746881259309e+02
 -7.800495236507639e+02
 -8.263627749418830e+02
 -8.614380040944172e+02
 -8.861141446195778e+02
 -9.012359586709739e+02
 -9.076454792263983e+02
 -9.061744155216435e+02
 -8.976374920936989e+02
 -8.828266851088134e+02
 -8.625063141770607e+02
 -8.374089434840263e+02
 -8.082320427418385e+02
 -7.756353560735404e+02
 -7.402389254217045e+02
 -7.026217143181198e+02
 -6.633207777936381e+02
 -6.228309247466105e+02
 -5.816048201622422e+02
 -5.400534760949214e+02
 -4.985470822211254e+02
 -4.574161289838687e+02
 -4.169527788000675e+02
 -3.774124434482180e+02
 -3.390155285371553e+02
 -3.019493088183614e+02
 -2.663699010236183e+02
 -2.324043038280088e+02
 -2.001524774272004e+02
 -1.696894380630513e+02
 -1.410673455814307e+02
 -1.143175647670884e+02
 -8.945268373631812e+01
 -6.646847507659461e+01
 -4.534578768773621e+01
 -2.605235939497133e+01
 -8.544542371569140e+00
 7.231064787330658e+00
 2.133608284357348e+01
 3.383891855188661e+01
 4.481343381585133e+01
 5.433771782087719e+01
 6.249296154835519e+01
 6.936243314940172e+01
 7.503055186143297e+01
 7.958205747915741e+01
 8.310127182624133e+01
 8.567144821884645e+01
 8.737420455047578e+01
 8.828903535524422e+01
 8.849289800921026e+01
 8.805986811422466e+01
 8.706085904446689e+01
 8.556340063923061e+01
 8.363147207123933e+01
 8.132538401230792e+01
 7.870170534484151e+01
 7.581322982595402e+01
 7.270897829578377e+01
 6.943423222130215e+01
 6.603059458997754e+01
 6.253607439550053e+01
 5.898519119516239e+01
 5.540909646271667e+01
 5.183570870129614e+01
 4.828985952578720e+01
 4.479344816054709e+01
 4.136560203173450e+01
 3.802284136194451e+01
 3.477924588917300e+01
 3.164662204263623e+01
 2.863466910650297e+01
 2.575114308790074e+01
 2.300201718178797e+01
 2.039163789155330e+01
 1.792287601429884e+01
 1.559727184129522e+01
 1.341517405369224e+01
 1.137587191171211e+01
 9.477720442636619e+00
 7.718258427196461e+00
 6.094319073157171e+00
 4.602133339645214e+00
 3.237425943008157e+00
 1.995504134054651e+00
 8.713393870017507e-01
 -1.403578167617346e-01
 -1.045069890192551e+00
 -1.848410480101023e+00
 -2.556068969907049e+00
 -3.173760856328368e+00
 -3.707183694673541e+00
 -4.161978299241475e+00
 -4.543694879676577e+00
 -4.857763792156280e+00
 -5.109470585978347e+00
 -5.303935029026579e+00
 -5.446093801595176e+00
 -5.540686557069332e+00
 -5.592245056083828e+00
 -5.605085091906827e+00
 -5.583300937723078e+00
 -5.530762056187198e+00
 -5.451111829917157e+00
 -5.347768079214714e+00
 -5.223925151888929e+00
 -5.082557381064348e+00
 -4.926423723506294e+00
 -4.758073400890737e+00
 -4.579852384276929e+00
 -4.393910571250505e+00
 -4.202209521049529e+00
 -4.006530622778492e+00
 -3.808483585558358e+00
 -3.609515147804025e+00
 -3.410917918215419e+00
 -3.213839265430628e+00
 -3.019290186227924e+00
 -2.828154091184427e+00
 -2.641195451940169e+00
 -2.459068265566578e+00
 -2.282324295011203e+00
 -2.111421054543181e+00
 -1.946729511972052e+00
 -1.788541486464117e+00
 -1.637076725333306e+00
 -1.492489648702484e+00
 -1.354875751197149e+00
 -1.224277658597945e+00
 -1.100690836981358e+00
 -9.840689547459839e-01
 -8.743289019927962e-01
 -7.713554728733132e-01
 -6.750057177874880e-01
 -5.851129753478882e-01
 -5.014905923789930e-01
 -4.239353463485231e-01
 -3.522305777482190e-01
 -2.861490507993894e-01
 -2.254555484971642e-01
 -1.699092224334145e-01
 -1.192657058686707e-01
 -7.327900535786355e-02
 -3.170318492710949e-02
 5.706145149417838e-03
 3.919052090119383e-02
 6.898748638141070e-02
 9.532961199284937e-02
 1.184436574234511e-01
 1.385498672696006e-01
 1.558613896856504e-01
 1.705838053912506e-01
 1.829147586085059e-01
 1.930436794469270e-01
 2.011515902081717e-01
 2.074109846891434e-01
 2.119857739904117e-01
 2.150312927842560e-01
 2.166943553908938e-01
 2.171133587379821e-01
 2.164184236682126e-01
 2.147315719599332e-01
 2.121669301384951e-01
 2.088309586231497e-01
 2.048227001538711e-01
 2.002340447723785e-01
 1.951500067880138e-01
 1.896490109193674e-01
 1.838031852141535e-01
 1.776786573175120e-01
 1.713358527467201e-01
 1.648297921600521e-01
 1.582103865689374e-01
 1.515227292122791e-01
 1.448073811203772e-01
 1.381006514298950e-01
 1.314348704408110e-01
 1.248386533189515e-01
 1.183371568210891e-01
 1.119523255485958e-01
 1.057031287302102e-01
 9.960578775626214e-02
 9.367399220383862e-02
 8.791910710574571e-02
 8.235036889040506e-02
 7.697507141146505e-02
 7.179874202477464e-02
 6.682530681804159e-02
 6.205724730663380e-02
 5.749574620794945e-02
 5.314082467134247e-02
 4.899147035479802e-02
 4.504575642776769e-02
 4.130095262512979e-02
 3.775362745759632e-02
 3.439974349233161e-02
 3.123474492821814e-02
 2.825363784958131e-02
 2.545106417216575e-02
 2.282136904048810e-02
 2.035866245213096e-02
 1.805687498192287e-02
 1.590980801099209e-02
 1.391117984771056e-02
 1.205466638527541e-02
 1.033393705825755e-02
 8.742688385106355e-03
 7.274671697890815e-03
 5.923718902689024e-03
 4.683763930697572e-03
 3.548862156461865e-03
 2.513206491502114e-03
 1.571140958016326e-03
 7.171720391217860e-04
 -5.402166496933482e-05
 -7.475828195050848e-04
 -1.368468695397182e-03
 -1.921448342248551e-03
 -2.411098766117153e-03
 -2.841804326005005e-03
 -3.217756432102699e-03
 -3.542953979893780e-03
 -3.821205078631359e-03
 -4.056129775078436e-03
 -4.251162912244089e-03
 -4.409557671039994e-03
 -4.534390019850367e-03
 -4.628563248805219e-03
 -4.694812723752764e-03
 -4.735711317858200e-03
 -4.753674980845332e-03
 -4.750967800018437e-03
 -4.729708353009361e-03
 -4.691875329958716e-03
 -4.639313081581677e-03
 -4.573738035442559e-03
 -4.496744159317331e-03
 -4.409808805720943e-03
 -4.314298365852261e-03
 -4.211474410582925e-03
 -4.102498433841858e-03
 -3.988437294801949e-03
 -3.870269718857927e-03
 -3.748889389296618e-03
 -3.625111342395692e-03
 -3.499676562577407e-03
 -3.373255804644783e-03
 -3.246454728918842e-03
 -3.119818136403346e-03
 -2.993833494559440e-03
 -2.868935373640712e-03
 -2.745509046583221e-03
 -2.623893649497181e-03
 -2.504386199779501e-03
 -2.387244052509338e-03
 -2.272688489750205e-03
 -2.160907446937274e-03
 -2.052058016918526e-03
 -1.946269340454682e-03
 -1.843644670862011e-03
 -1.744264095105677e-03
 -1.648185889052451e-03
 -1.555449439734379e-03
 -1.466076346491618e-03
 -1.380072602082268e-03
 -1.297429869705742e-03
 -1.218127854394061e-03
 -1.142134147721235e-03
 -1.069407213328539e-03
 -9.998964082100015e-04
 -9.335436485753613e-04
 -8.702842595093073e-04
 -8.100480221252689e-04
 -7.527600928525886e-04
 -6.983414895705680e-04
 -6.467101586921381e-04
 -5.977816182761053e-04
 -5.514693634490495e-04
 -5.076854354435470e-04
 -4.663411765245566e-04
 -4.273474904479146e-04
 -3.906152551614223e-04
 -3.560556020196619e-04
 -3.235802954598971e-04
 -2.931023421378767e-04
 -2.645355728707526e-04
 -2.377954838384041e-04
 -2.127991609791299e-04
 -1.894654137861118e-04
 -1.677148591628495e-04
 -1.474702236129184e-04
 -1.286564663658027e-04
 -1.112005630691662e-04
 -9.503175716903993e-05
 -8.008179755881232e-05
 -6.628449610997978e-05
 -5.357616261219451e-05
 -4.189548441872786e-05
 -3.118333270089901e-05
 -2.138326710628158e-05
 -1.244046132193139e-05
 -4.303233801109766e-06
 3.078341730832007e-06
 9.751892017459015e-06
 1.576300848308013e-05
 2.115485787883368e-05
 2.596870319967819e-05
 3.024396956932820e-05
 3.401784355396553e-05
 3.732569448668425e-05
 4.020115710283395e-05
 4.267596502856236e-05
 4.478022614924131e-05
 4.654241996248876e-05
 4.798940171407185e-05
 4.914624854231299e-05
 5.003701055808602e-05
 5.068403206040562e-05
 5.110834113849571e-05
 5.132986771659905e-05
 5.136716165082437e-05
 5.123751366295199e-05
 5.095728902509291e-05
 5.054159387502970e-05
 5.000462312838212e-05
 4.935969852891535e-05
 4.861896722392473e-05
 4.779409858118379e-05
 4.689554088444581e-05
 4.593324561278816e-05
 4.491621166409482e-05
 4.385303989693899e-05
 4.275127543927807e-05
 4.161828722959898e-05
 4.046060958115059e-05
 3.928425832520395e-05
 3.809464253537125e-05
 3.689701574429028e-05
 3.569592418313654e-05
 3.449546276817344e-05
 3.329955217006836e-05
 3.211144684822334e-05
 3.093452169953758e-05
 2.977134760135490e-05
 2.862436605997132e-05
 2.749590707773627e-05
 2.638792445525660e-05
 2.530218703555420e-05
 2.424012418672755e-05
 2.320297469446202e-05
 2.219206204773770e-05
 2.120827563114919e-05
 2.025245188973191e-05
 1.932519433446079e-05
 1.842715941586994e-05
 1.755872829878563e-05
 1.672028214803412e-05
 1.591204860371999e-05
 1.513420766034452e-05
 1.438679108164325e-05
 1.366984651321945e-05
 1.298341630672048e-05
 1.232739987698387e-05
 1.170156164297115e-05
 1.110596777913133e-05
 1.054022653272630e-05
 1.000426114139522e-05
 9.497687793333864e-06
 9.020523693898974e-06
 8.572287093101800e-06
 8.152726528036123e-06
 7.761761265874160e-06
 7.399063081348848e-06
 7.064268014990666e-06
 6.757268864192225e-06
 6.477745344620346e-06
 6.225586283200701e-06
 6.000439631864587e-06
 5.802228628251161e-06
 5.630736220167687e-06
 5.485793001024715e-06
 5.367314267527520e-06
 5.275210022425455e-06
 5.209337328908673e-06
 5.169675011153490e-06
 5.156143659821102e-06
 5.168859741941758e-06
 5.207675026749686e-06
 5.272621277980409e-06
 5.363889078047060e-06
 5.481489014861479e-06
 5.625632846660480e-06
 5.796225282237496e-06
 5.993520431476704e-06
 6.217772404262280e-06
 6.469192958831037e-06
 6.747797977050738e-06
 7.053952741879884e-06
 7.387847835731609e-06
 7.749726780578248e-06
 8.139825157458256e-06
 8.558426193013371e-06
 9.005748593797552e-06
 9.482105034082345e-06
 9.987699000298437e-06
 1.052283324055002e-05
 1.108762951582327e-05
 1.168237369973788e-05
 1.230727225657474e-05
 1.296235695006937e-05
 1.364790306592964e-05
 1.436381531294897e-05
 1.511032662518787e-05
 1.588726759605688e-05
 1.669451117061391e-05
 1.753207852468264e-05
 1.839952496596577e-05
 1.929657520875544e-05
 2.022278456075433e-05
 2.117764480219411e-05
 2.216047830671695e-05
 2.317039568972825e-05
 2.420646521498603e-05
 2.526754338801149e-05
 2.635223260444167e-05
 2.745920937529647e-05
 2.858659964018011e-05
 2.973251875078493e-05
 3.089466383628559e-05
 3.207054673739953e-05
 3.325756812176987e-05
 3.445236103343126e-05
 3.565168424787149e-05
 3.685169269873115e-05
 3.804823824067442e-05
 3.923664134753996e-05
 4.041191014976715e-05
 4.156836952660936e-05
 4.270022259633384e-05
 4.380073015305399e-05
 4.486279300188064e-05
 4.587857608805168e-05
 4.683963025791825e-05
 4.773699813806313e-05
 4.856063180014953e-05
 4.929996450816045e-05
 4.994362484477899e-05
 5.047930965644629e-05
 5.089378405336150e-05
 5.117264847542130e-05
 5.130101631857769e-05
 5.126245514365394e-05
 5.103953724776029e-05
 5.061375496099923e-05
 4.996528771240502e-05
 4.907321378818047e-05
 4.791481152951549e-05
 4.646645930509352e-05
 4.470280965396798e-05
 4.259701163171091e-05
 4.012073198623664e-05
 3.724373693528413e-05
 3.393423792791295e-05
 3.015891248945478e-05
 2.588208167311225e-05
 2.106664113445643e-05
 1.567314825490283e-05
 9.660463702994499e-06
 2.985219391832012e-06
 -4.398027996204822e-06
 -1.253699817978194e-05
 -2.148132728960845e-05
 -3.128329843435362e-05
 -4.199712172264173e-05
 -5.367952718611513e-05
 -6.638974360361058e-05
 -8.018882087480143e-05
 -9.514064645973434e-05
 -1.113111406975294e-04
 -1.287690403118562e-04
 -1.475847125648080e-04
 -1.678313622788512e-04
 -1.895837824632284e-04
 -2.129196036875555e-04
 -2.379179176532822e-04
 -2.646599971716976e-04
 -2.932286820650433e-04
 -3.237088026829867e-04
 -3.561861316993492e-04
 -3.907479399774776e-04
 -4.274823798243793e-04
 -4.664782011023365e-04
 -5.078246327766420e-04
 -5.516107357294881e-04
 -5.979252161480205e-04
 -6.468560860494149e-04
 -6.984896898547320e-04
 -7.529106249795788e-04
 -8.102008630374259e-04
 -8.704394533780757e-04
 -9.337012101865946e-04
 -1.000056437197605e-03
 -1.069569678321686e-03
 -1.142299103546493e-03
 -1.218295323090622e-03
 -1.297599895065143e-03
 -1.380245141065112e-03
 -1.466251430026782e-03
 -1.555627189825835e-03
 -1.648366381371714e-03
 -1.744447265939162e-03
 -1.843830618106542e-03
 -1.946457932319709e-03
 -2.052249432530010e-03
 -2.161101621009985e-03
 -2.272885467592961e-03
 -2.387443957640884e-03
 -2.504588985340056e-03
 -2.624099511714665e-03
 -2.745717769191264e-03
 -2.869147149124241e-03
 -2.994048264064555e-03
 -3.120035893767552e-03
 -3.246675667123376e-03
 -3.373479836670244e-03
 -3.499903758610070e-03
 -3.625341822459463e-03
 -3.749123022903757e-03
 -3.870506699940928e-03
 -3.988677526560000e-03
 -4.102741894354674e-03
 -4.211721344799364e-03
 -4.314548720460534e-03
 -4.410062513036995e-03
 -4.497001429693191e-03
 -4.573998837414346e-03
 -4.639577359240464e-03
 -4.692143218375179e-03
 -4.729979931939948e-03
 -4.751243024215076e-03
 -4.753953891175916e-03
 -4.735993980900428e-03
 -4.695099064812226e-03
 -4.628853434062501e-03
 -4.534684045128207e-03
 -4.409855598583733e-03
 -4.251464743832165e-03
 -4.056435600211791e-03
 -3.821514875141554e-03
 -3.543267766392376e-03
 -3.218074302391980e-03
 -2.842126337822177e-03
 -2.411424906227326e-03
 -1.921778695355020e-03
 -1.368803375319998e-03
 -7.479216813222065e-04
 -5.436491415242554e-05
 7.168244530307436e-04
 1.570788996967023e-03
 2.512850096433857e-03
 3.548501331675990e-03
 4.683398529617678e-03
 5.923348943182210e-03
 7.274297269458023e-03
 8.742309314701402e-03
 1.033355323024059e-02
 1.205427771759012e-02
 1.391078659198528e-02
 1.590940987093073e-02
 1.805647199193615e-02
 2.035825464580240e-02
 2.282095627521177e-02
 2.545064644455020e-02
 2.825321510155848e-02
 3.123431709262095e-02
 3.439931061514613e-02
 3.775318937633326e-02
 4.130050937576634e-02
 4.504530799065831e-02
 4.899101657377101e-02
 5.314036550371531e-02
 5.749528173180800e-02
 6.205677745845057e-02
 6.682483155414146e-02
 7.179826126012344e-02
 7.697458510867421e-02
 8.234987698660885e-02
 8.791860952682876e-02
 9.367348902391631e-02
 9.960527890121908e-02
 1.057026141894585e-01
 1.119518051527289e-01
 1.183366306442222e-01
 1.248381212657936e-01
 1.314343324584224e-01
 1.381001075447456e-01
 1.448068311365906e-01
 1.515221732886739e-01
 1.582098246843379e-01
 1.648292240232907e-01
 1.713352785113214e-01
 1.776780768696560e-01
 1.838025984797249e-01
 1.896484180015983e-01
 1.951494075201445e-01
 2.002334391835258e-01
 2.048220882122713e-01
 2.088303401858661e-01
 2.121663053279503e-01
 2.147309406371609e-01
 2.164177857504947e-01
 2.171127142067897e-01
 2.166937043878403e-01
 2.150306351346409e-01
 2.119851096598242e-01
 2.074103134684723e-01
 2.011509123382919e-01
 1.930429948060776e-01
 1.829140671013956e-01
 1.705831070972889e-01
 1.558606844777822e-01
 1.385491551425321e-01
 1.184429383083608e-01
 9.532888601679214e-02
 6.898675333792233e-02
 3.918978083262594e-02
 5.705398045182535e-03
 -3.170393910936386e-02
 -7.327976662872490e-02
 -1.192664742546088e-01
 -1.699099980138387e-01
 -2.254563311609014e-01
 -2.861498406470248e-01
 -3.522313748909257e-01
 -4.239361506010126e-01
 -5.014914039794932e-01
 -5.851137940475833e-01
 -6.750065437663726e-01
 -7.713563060996234e-01
 -8.743297425406475e-01
 -9.840698025042031e-01
 -1.100691692058471e+00
 -1.224278520916859e+00
 -1.354876620775731e+00
 -1.492490525712456e+00
 -1.637077609614527e+00
 -1.788542377961000e+00
 -1.946730410785182e+00
 -2.111421960556092e+00
 -2.282325208324479e+00
 -2.459069186100809e+00
 -2.641196379780060e+00
 -2.828155026192334e+00
 -3.019291128414435e+00
 -3.213840214711040e+00
 -3.410918874706199e+00
 -3.609516111325178e+00
 -3.808484556109885e+00
 -4.006531600445096e+00
 -4.202210505577099e+00
 -4.393911562702570e+00
 -4.579853382674664e+00
 -4.758074406107087e+00
 -4.926424735541260e+00
 -5.082558399907341e+00
 -5.223926177285839e+00
 -5.347769111209217e+00
 -5.451112868427196e+00
 -5.530763101136673e+00
 -5.583301989054417e+00
 -5.605086149585619e+00
 -5.592246119873830e+00
 -5.540687626950692e+00
 -5.446094877458376e+00
 -5.303936110757881e+00
 -5.109471673424133e+00
 -4.857764885214910e+00
 -4.543695978284431e+00
 -4.161979403292011e+00
 -3.707184803912486e+00
 -3.173761970670355e+00
 -2.556070089178040e+00
 -1.848411604068415e+00
 -1.045071018757743e+00
 -1.403589497351378e-01
 8.713382497369345e-01
 1.995502992701577e+00
 3.237424797897036e+00
 4.602132190975892e+00
 6.094317920982590e+00
 7.718257271860726e+00
 9.477719284336930e+00
 1.137587075066552e+01
 1.341517289024617e+01
 1.559727067579079e+01
 1.792287484692795e+01
 2.039163672258728e+01
 2.300201601157655e+01
 2.575114191679663e+01
 2.863466793477847e+01
 3.164662087070494e+01
 3.477924471734263e+01
 3.802284019065793e+01
 4.136560086129644e+01
 4.479344699138189e+01
 4.828985835832996e+01
 5.183570753594920e+01
 5.540909529994706e+01
 5.898519003555468e+01
 6.253607323939494e+01
 6.603059343804161e+01
 6.943423107398229e+01
 7.270897715370685e+01
 7.581322868953680e+01
 7.870170421473813e+01
 8.132538288934852e+01
 8.363147095572458e+01
 8.556339953193624e+01
 8.706085794615547e+01
 8.805986702558913e+01
 8.849289693087454e+01
 8.828903428813128e+01
 8.737420349533461e+01
 8.567144717636428e+01
 8.310127079746019e+01
 7.958205646488236e+01
 7.503055086251776e+01
 6.936243216679668e+01
 6.249296058311582e+01
 5.433771687403431e+01
 4.481343288842469e+01
 3.383891764506157e+01
 2.133608195825010e+01
 7.231063924871289e+00
 -8.544543210140732e+00
 -2.605236020814695e+01
 -4.534578847439932e+01
 -6.646847583545846e+01
 -8.945268446579828e+01
 -1.143175654660223e+02
 -1.410673462481435e+02
 -1.696894386958827e+02
 -2.001524780247960e+02
 -2.324043043884815e+02
 -2.663699015453822e+02
 -3.019493092996975e+02
 -3.390155289762183e+02
 -3.774124438430902e+02
 -4.169527791487028e+02
 -4.574161292844016e+02
 -4.985470824713445e+02
 -5.400534762927022e+02
 -5.816048203053788e+02
 -6.228309248326196e+02
 -6.633207778202574e+02
 -7.026217142828588e+02
 -7.402389253219111e+02
 -7.756353559066080e+02
 -8.082320425049725e+02
 -8.374089431744796e+02
 -8.625063137918278e+02
 -8.828266846448732e+02
 -8.976374915478694e+02
 -9.061744148907582e+02
 -9.076454785068769e+02
 -9.012359578594641e+02
 -8.861141437124367e+02
 -8.614380030879418e+02
 -8.263627738322766e+02
 -7.800495224340024e+02
 -7.216746867978140e+02
 -6.504406163982648e+02
 -5.655871115680790e+02
 -4.664039515772720e+02
 -3.522443875892138e+02
 -2.225395615356670e+02
 -7.681379543737646e+01
 8.529932226529384e+01
 2.640401461596883e+02
 4.595055925377800e+02
 6.716313026212923e+02
 9.001735085826614e+02
 1.144690784415455e+03
 1.404525888190742e+03
 1.678787927129349e+03
 1.966335101937395e+03
 2.265758311656982e+03
 2.575365924498819e+03
 2.893170043323956e+03
 3.216874616177137e+03
 3.543865762026436e+03
 3.871204699108870e+03
 4.195623677434980e+03
 4.513525327462652e+03
 4.820985843085399e+03
 5.113762418238714e+03
 5.387305351952090e+03
 5.636775225899599e+03
 5.857065540776197e+03
 6.042831172512342e+03
 6.188522975835730e+03
 6.288428820437522e+03
 6.336721293510517e+03
 6.327512241276774e+03
 6.254914250990973e+03
 6.113109093589694e+03
 5.896423055564123e+03
 5.599408986853427e+03
 5.216934779805398e+03
 4.744277872979575e+03
 4.177225243380817e+03
 3.512178212476536e+03
 2.746261246141711e+03
 1.877433777825894e+03
 9.046039293380095e+02
 -1.722571534548391e+02
 -1.352001789894838e+03
 -2.632194673513734e+03
 -4.009005945383359e+03
 -5.477110318551439e+03
 -7.029594271349665e+03
 -8.657873444113191e+03
 -1.035162247276145e+04
 -1.209871957009837e+04
 -1.388520821784250e+04
 -1.569527835548027e+04
 -1.751126944226586e+04
 -1.931369772234874e+04
 -2.108130993653455e+04
 -2.279116559425428e+04
 -2.441874974290899e+04
 -2.593811794627984e+04
 -2.732207490704431e+04
 -2.854238783911403e+04
 -2.957003531272403e+04
 -3.037549185893543e+04
 -3.092904813136997e+04
 -3.120116588344063e+04
 -3.116286643201524e+04
 -3.078615064744104e+04
 -3.004444784043378e+04
 -2.891309021505084e+04
 -2.736980883162404e+04
 -2.539524628323862e+04
 -2.297348054449766e+04
 -2.009255371352848e+04
 -1.674499865027657e+04
 -1.292835582997291e+04
 -8.645672095085471e+03
 -3.905972417719519e+03
 1.275304706469775e+03
 6.875918005616159e+03
 1.286649037302233e+04
 1.921024220503973e+04
 2.586280134113623e+04
 3.277209965338979e+04
 3.987836599849967e+04
 4.711422472308788e+04
 5.440490819214462e+04
 6.166859088286445e+04
 6.881685144656674e+04
 7.575526778780643e+04
 8.238414864363791e+04
 8.859940337268099e+04
 9.429354969275134e+04
 9.935685695141504e+04
 1.036786201946662e+05
 1.071485578385018e+05
 1.096583231748886e+05
 1.111031172906269e+05
 1.113833882827725e+05
 1.104065989598139e+05
 1.080890425700434e+05
 1.043576835473894e+05
 9.915199786329742e+04
 9.242578537622932e+04
 8.414892463464041e+04
 7.430903897206868e+04
 6.291304149089386e+04
 4.998852571944402e+04
 3.558496839764591e+04
 1.977471104747574e+04
 2.653687758786183e+03
 -1.565813199526160e+04
 -3.501661467790397e+04
 -5.525367463114315e+04
 -7.617784978651389e+04
 -9.757526028678418e+04
 -1.192109645121239e+05
 -1.408307217383562e+05
 -1.621631648148016e+05
 -1.829223798918440e+05
 -2.028108834249528e+05
 -2.215229795178325e+05
 -2.387484732416499e+05
 -2.541767079917814e+05
 -2.675008873417784e+05
 -2.784226343601124e+05
 -2.866567341110120e+05
 -2.919359982149662e+05
 -2.940161840498354e+05
 -2.926808955837549e+05
 -2.877463880982946e+05
 -2.790661953319382e+05
 -2.665354949891035e+05
 -2.500951272464325e+05
 -2.297351809589090e+05
 -2.054980638183385e+05
 -1.774809758193537e+05
 -1.458377100925376e+05
 -1.107797114925988e+05
 -7.257633127452771e+04
 -3.155422571372880e+04
 1.190414244393427e+04
 5.736292838415831e+04
 1.043362704643274e+05
 1.522925964894218e+05
 2.006598555438335e+05
 2.488316435655065e+05
 2.961741741190785e+05
 3.420340289825170e+05
 3.857466065100566e+05
 4.266451695903348e+05
 4.640703797086538e+05
 4.973801894752618e+05
 5.259599533227819e+05
 5.492326052203325e+05
 5.666687434970280e+05
 5.777964564865706e+05
 5.822107189394486e+05
 5.795821882038862e+05
 5.696652312111498e+05
 5.523050184255043e+05
 5.274435291899921e+05
 4.951243243138935e+05
 4.554959562425836e+05
 4.088139045988885e+05
 3.554409450969156e+05
 2.958458825519332e+05
 2.306006036301017e+05
 1.603754317297709e+05
 8.593279453987986e+04
 8.119243913456982e+03
 -7.214410277989403e+04
 -1.538726012337995e+05
 -2.360304713586566e+05
 -3.175443860985117e+05
 -3.973180772278135e+05
 -4.742477539973548e+05
 -5.472381098989275e+05
 -6.152186755503790e+05
 -6.771602622029836e+05
 -7.320912310184824e+05
 -7.791133183621010e+05
 -8.174167471412508e+05
 -8.462943588336756e+05
 -8.651545103493760e+05
 -8.735324942192481e+05
 -8.711002596652113e+05
 -8.576742356504685e+05
 -8.332210847089089e+05
 -7.978612477937608e+05
 -7.518701750675900e+05
 -6.956771749028782e+05
 -6.298618527329456e+05
 -5.551481520908644e+05
 -4.723960514618964e+05
 -3.825910116885444e+05
 -2.868313088303146e+05
 -1.863134258204027e+05
 -8.231571222616200e+04
 2.381944580751436e+04
 1.307046744388241e+05
 2.369275843854364e+05
 3.410713516335030e+05
 4.417355776124956e+05
 5.375570915265782e+05
 6.272303551730772e+05
 7.095271342872380e+05
 7.833151102181339e+05
 8.475751214325239e+05
 9.014167457133488e+05
 9.440919606057906e+05
 9.750066511980114e+05
 9.937297701396624e+05
 