-9.991666666666667e-12
 -9.975000000000000e-12
 -9.958333333333333e-12
 -9.941666666666666e-12
 -9.925000000000001e-12
 -9.908333333333334e-12
 -9.891666666666667e-12
 -9.875000000000000e-12
 -9.858333333333333e-12
 -9.841666666666666e-12
 -9.825000000000001e-12
 -9.808333333333334e-12
 -9.791666666666667e-12
 -9.775000000000000e-12
 -9.758333333333333e-12
 -9.741666666666666e-12
 -9.725000000000001e-12
 -9.708333333333334e-12
 -9.691666666666667e-12
 -9.675000000000000e-12
 -9.658333333333333e-12
 -9.641666666666666e-12
 -9.625000000000001e-12
 -9.608333333333334e-12
 -9.591666666666667e-12
 -9.575000000000000e-12
 -9.558333333333333e-12
 -9.541666666666666e-12
 -9.525000000000001e-12
 -9.508333333333334e-12
 -9.491666666666667e-12
 -9.475000000000000e-12
 -9.458333333333333e-12
 -9.441666666666666e-12
 -9.425000000000001e-12
 -9.408333333333334e-12
 -9.391666666666667e-12
 -9.375000000000000e-12
 -9.358333333333333e-12
 -9.341666666666666e-12
 -9.325000000000001e-12
 -9.308333333333334e-12
 -9.291666666666667e-12
 -9.275000000000000e-12
 -9.258333333333333e-12
 -9.241666666666666e-12
 -9.225000000000001e-12
 -9.208333333333334e-12
 -9.191666666666667e-12
 -9.175000000000000e-12
 -9.158333333333333e-12
 -9.141666666666666e-12
 -9.125000000000001e-12
 -9.108333333333334e-12
 -9.091666666666667e-12
 -9.075000000000000e-12
 -9.058333333333333e-12
 -9.041666666666666e-12
 -9.024999999999999e-12
 -9.008333333333334e-12
 -8.991666666666667e-12
 -8.975000000000000e-12
 -8.958333333333333e-12
 -8.941666666666666e-12
 -8.925000000000001e-12
 -8.908333333333334e-12
 -8.891666666666667e-12
 -8.875000000000000e-12
 -8.858333333333333e-12
 -8.841666666666666e-12
 -8.824999999999999e-12
 -8.808333333333334e-12
 -8.791666666666667e-12
 -8.775000000000000e-12
 -8.758333333333333e-12
 -8.741666666666666e-12
 -8.725000000000001e-12
 -8.708333333333334e-12
 -8.691666666666667e-12
 -8.675000000000000e-12
 -8.658333333333333e-12
 -8.641666666666666e-12
 -8.624999999999999e-12
 -8.608333333333334e-12
 -8.591666666666667e-12
 -8.575000000000000e-12
 -8.558333333333333e-12
 -8.541666666666666e-12
 -8.525000000000001e-12
 -8.508333333333334e-12
 -8.491666666666667e-12
 -8.475000000000000e-12
 -8.458333333333333e-12
 -8.441666666666666e-12
 -8.424999999999999e-12
 -8.408333333333334e-12
 -8.391666666666667e-12
 -8.375000000000000e-12
 -8.358333333333333e-12
 -8.341666666666666e-12
 -8.324999999999999e-12
 -8.308333333333334e-12
 -8.291666666666667e-12
 -8.275000000000000e-12
 -8.258333333333333e-12
 -8.241666666666666e-12
 -8.224999999999999e-12
 -8.208333333333334e-12
 -8.191666666666667e-12
 -8.175000000000000e-12
 -8.158333333333333e-12
 -8.141666666666666e-12
 -8.125000000000001e-12
 -8.108333333333332e-12
 -8.091666666666667e-12
 -8.075000000000000e-12
 -8.058333333333333e-12
 -8.041666666666666e-12
 -8.024999999999999e-12
 -8.008333333333334e-12
 -7.991666666666667e-12
 -7.975000000000000e-12
 -7.958333333333333e-12
 -7.941666666666666e-12
 -7.924999999999999e-12
 -7.908333333333333e-12
 -7.891666666666667e-12
 -7.875000000000000e-12
 -7.858333333333333e-12
 -7.841666666666666e-12
 -7.824999999999999e-12
 -7.808333333333334e-12
 -7.791666666666667e-12
 -7.775000000000000e-12
 -7.758333333333333e-12
 -7.741666666666666e-12
 -7.724999999999999e-12
 -7.708333333333333e-12
 -7.691666666666667e-12
 -7.675000000000000e-12
 -7.658333333333333e-12
 -7.641666666666666e-12
 -7.625000000000000e-12
 -7.608333333333334e-12
 -7.591666666666666e-12
 -7.575000000000000e-12
 -7.558333333333333e-12
 -7.541666666666666e-12
 -7.525000000000000e-12
 -7.508333333333333e-12
 -7.491666666666667e-12
 -7.475000000000000e-12
 -7.458333333333333e-12
 -7.441666666666666e-12
 -7.425000000000000e-12
 -7.408333333333334e-12
 -7.391666666666666e-12
 -7.375000000000000e-12
 -7.358333333333333e-12
 -7.341666666666667e-12
 -7.325000000000000e-12
 -7.308333333333333e-12
 -7.291666666666667e-12
 -7.275000000000000e-12
 -7.258333333333333e-12
 -7.241666666666667e-12
 -7.225000000000000e-12
 -7.208333333333333e-12
 -7.191666666666667e-12
 -7.175000000000000e-12
 -7.158333333333333e-12
 -7.141666666666667e-12
 -7.125000000000000e-12
 -7.108333333333334e-12
 -7.091666666666667e-12
 -7.075000000000000e-12
 -7.058333333333334e-12
 -7.041666666666667e-12
 -7.025000000000000e-12
 -7.008333333333333e-12
 -6.991666666666667e-12
 -6.975000000000000e-12
 -6.958333333333334e-12
 -6.941666666666667e-12
 -6.925000000000000e-12
 -6.908333333333333e-12
 -6.891666666666667e-12
 -6.875000000000000e-12
 -6.858333333333334e-12
 -6.841666666666667e-12
 -6.825000000000000e-12
 -6.808333333333333e-12
 -6.791666666666667e-12
 -6.775000000000001e-12
 -6.758333333333334e-12
 -6.741666666666667e-12
 -6.725000000000000e-12
 -6.708333333333333e-12
 -6.691666666666667e-12
 -6.675000000000001e-12
 -6.658333333333334e-12
 -6.641666666666667e-12
 -6.625000000000000e-12
 -6.608333333333333e-12
 -6.591666666666667e-12
 -6.575000000000001e-12
 -6.558333333333334e-12
 -6.541666666666667e-12
 -6.525000000000000e-12
 -6.508333333333333e-12
 -6.491666666666667e-12
 -6.475000000000000e-12
 -6.458333333333334e-12
 -6.441666666666667e-12
 -6.425000000000000e-12
 -6.408333333333333e-12
 -6.391666666666667e-12
 -6.375000000000000e-12
 -6.358333333333334e-12
 -6.341666666666667e-12
 -6.325000000000000e-12
 -6.308333333333334e-12
 -6.291666666666667e-12
 -6.275000000000000e-12
 -6.258333333333334e-12
 -6.241666666666667e-12
 -6.225000000000000e-12
 -6.208333333333333e-12
 -6.191666666666667e-12
 -6.175000000000000e-12
 -6.158333333333333e-12
 -6.141666666666667e-12
 -6.125000000000000e-12
 -6.108333333333333e-12
 -6.091666666666667e-12
 -6.075000000000000e-12
 -6.058333333333333e-12
 -6.041666666666667e-12
 -6.025000000000000e-12
 -6.008333333333333e-12
 -5.991666666666667e-12
 -5.975000000000000e-12
 -5.958333333333333e-12
 -5.941666666666667e-12
 -5.925000000000000e-12
 -5.908333333333333e-12
 -5.891666666666667e-12
 -5.875000000000000e-12
 -5.858333333333333e-12
 -5.841666666666667e-12
 -5.825000000000000e-12
 -5.808333333333333e-12
 -5.791666666666667e-12
 -5.775000000000000e-12
 -5.758333333333333e-12
 -5.741666666666667e-12
 -5.725000000000000e-12
 -5.708333333333333e-12
 -5.691666666666667e-12
 -5.675000000000000e-12
 -5.658333333333333e-12
 -5.641666666666667e-12
 -5.625000000000000e-12
 -5.608333333333333e-12
 -5.591666666666667e-12
 -5.575000000000000e-12
 -5.558333333333333e-12
 -5.541666666666667e-12
 -5.525000000000000e-12
 -5.508333333333333e-12
 -5.491666666666667e-12
 -5.475000000000000e-12
 -5.458333333333333e-12
 -5.441666666666667e-12
 -5.425000000000000e-12
 -5.408333333333333e-12
 -5.391666666666667e-12
 -5.375000000000000e-12
 -5.358333333333333e-12
 -5.341666666666667e-12
 -5.325000000000000e-12
 -5.308333333333333e-12
 -5.291666666666667e-12
 -5.275000000000000e-12
 -5.258333333333333e-12
 -5.241666666666667e-12
 -5.225000000000000e-12
 -5.208333333333333e-12
 -5.191666666666666e-12
 -5.175000000000000e-12
 -5.158333333333333e-12
 -5.141666666666666e-12
 -5.125000000000000e-12
 -5.108333333333333e-12
 -5.091666666666666e-12
 -5.075000000000000e-12
 -5.058333333333333e-12
 -5.041666666666666e-12
 -5.025000000000000e-12
 -5.008333333333333e-12
 -4.991666666666666e-12
 -4.975000000000000e-12
 -4.958333333333333e-12
 -4.941666666666666e-12
 -4.925000000000000e-12
 -4.908333333333333e-12
 -4.891666666666666e-12
 -4.875000000000000e-12
 -4.858333333333333e-12
 -4.841666666666666e-12
 -4.825000000000000e-12
 -4.808333333333333e-12
 -4.791666666666666e-12
 -4.775000000000000e-12
 -4.758333333333333e-12
 -4.741666666666666e-12
 -4.725000000000000e-12
 -4.708333333333333e-12
 -4.691666666666666e-12
 -4.675000000000000e-12
 -4.658333333333333e-12
 -4.641666666666666e-12
 -4.625000000000000e-12
 -4.608333333333333e-12
 -4.591666666666666e-12
 -4.575000000000000e-12
 -4.558333333333333e-12
 -4.541666666666666e-12
 -4.525000000000000e-12
 -4.508333333333333e-12
 -4.491666666666666e-12
 -4.475000000000000e-12
 -4.458333333333333e-12
 -4.441666666666666e-12
 -4.425000000000000e-12
 -4.408333333333333e-12
 -4.391666666666666e-12
 -4.375000000000000e-12
 -4.358333333333333e-12
 -4.341666666666666e-12
 -4.325000000000000e-12
 -4.308333333333333e-12
 -4.291666666666666e-12
 -4.275000000000000e-12
 -4.258333333333333e-12
 -4.241666666666666e-12
 -4.225000000000000e-12
 -4.208333333333333e-12
 -4.191666666666666e-12
 -4.175000000000000e-12
 -4.158333333333333e-12
 -4.141666666666666e-12
 -4.125000000000000e-12
 -4.108333333333333e-12
 -4.091666666666666e-12
 -4.074999999999999e-12
 -4.058333333333333e-12
 -4.041666666666666e-12
 -4.025000000000000e-12
 -4.008333333333333e-12
 -3.991666666666666e-12
 -3.975000000000000e-12
 -3.958333333333333e-12
 -3.941666666666666e-12
 -3.925000000000000e-12
 -3.908333333333333e-12
 -3.891666666666666e-12
 -3.875000000000000e-12
 -3.858333333333333e-12
 -3.841666666666666e-12
 -3.825000000000000e-12
 -3.808333333333333e-12
 -3.791666666666666e-12
 -3.775000000000000e-12
 -3.758333333333333e-12
 -3.741666666666667e-12
 -3.725000000000000e-12
 -3.708333333333333e-12
 -3.691666666666667e-12
 -3.675000000000000e-12
 -3.658333333333333e-12
 -3.641666666666667e-12
 -3.625000000000000e-12
 -3.608333333333333e-12
 -3.591666666666667e-12
 -3.575000000000000e-12
 -3.558333333333333e-12
 -3.541666666666667e-12
 -3.525000000000000e-12
 -3.508333333333333e-12
 -3.491666666666667e-12
 -3.475000000000000e-12
 -3.458333333333334e-12
 -3.441666666666667e-12
 -3.425000000000000e-12
 -3.408333333333334e-12
 -3.391666666666667e-12
 -3.375000000000000e-12
 -3.358333333333334e-12
 -3.341666666666667e-12
 -3.325000000000000e-12
 -3.308333333333334e-12
 -3.291666666666667e-12
 -3.275000000000000e-12
 -3.258333333333334e-12
 -3.241666666666667e-12
 -3.225000000000000e-12
 -3.208333333333334e-12
 -3.191666666666667e-12
 -3.175000000000000e-12
 -3.158333333333334e-12
 -3.141666666666667e-12
 -3.125000000000000e-12
 -3.108333333333334e-12
 -3.091666666666667e-12
 -3.075000000000000e-12
 -3.058333333333333e-12
 -3.041666666666667e-12
 -3.025000000000000e-12
 -3.008333333333333e-12
 -2.991666666666667e-12
 -2.975000000000000e-12
 -2.958333333333333e-12
 -2.941666666666667e-12
 -2.925000000000000e-12
 -2.908333333333333e-12
 -2.891666666666667e-12
 -2.875000000000000e-12
 -2.858333333333333e-12
 -2.841666666666667e-12
 -2.825000000000000e-12
 -2.808333333333333e-12
 -2.791666666666667e-12
 -2.775000000000000e-12
 -2.758333333333333e-12
 -2.741666666666667e-12
 -2.725000000000000e-12
 -2.708333333333334e-12
 -2.691666666666667e-12
 -2.675000000000000e-12
 -2.658333333333333e-12
 -2.641666666666666e-12
 -2.625000000000001e-12
 -2.608333333333334e-12
 -2.591666666666667e-12
 -2.575000000000000e-12
 -2.558333333333333e-12
 -2.541666666666666e-12
 -2.525000000000001e-12
 -2.508333333333334e-12
 -2.491666666666667e-12
 -2.475000000000000e-12
 -2.458333333333333e-12
 -2.441666666666666e-12
 -2.424999999999999e-12
 -2.408333333333334e-12
 -2.391666666666667e-12
 -2.375000000000000e-12
 -2.358333333333333e-12
 -2.341666666666666e-12
 -2.324999999999999e-12
 -2.308333333333334e-12
 -2.291666666666667e-12
 -2.275000000000000e-12
 -2.258333333333333e-12
 -2.241666666666666e-12
 -2.224999999999999e-12
 -2.208333333333334e-12
 -2.191666666666667e-12
 -2.175000000000000e-12
 -2.158333333333333e-12
 -2.141666666666666e-12
 -2.124999999999999e-12
 -2.108333333333334e-12
 -2.091666666666667e-12
 -2.075000000000000e-12
 -2.058333333333333e-12
 -2.041666666666666e-12
 -2.024999999999999e-12
 -2.008333333333334e-12
 -1.991666666666667e-12
 -1.975000000000000e-12
 -1.958333333333333e-12
 -1.941666666666666e-12
 -1.924999999999999e-12
 -1.908333333333334e-12
 -1.891666666666667e-12
 -1.875000000000000e-12
 -1.858333333333333e-12
 -1.841666666666666e-12
 -1.824999999999999e-12
 -1.808333333333334e-12
 -1.791666666666667e-12
 -1.775000000000000e-12
 -1.758333333333333e-12
 -1.741666666666666e-12
 -1.724999999999999e-12
 -1.708333333333334e-12
 -1.691666666666667e-12
 -1.675000000000000e-12
 -1.658333333333333e-12
 -1.641666666666666e-12
 -1.624999999999999e-12
 -1.608333333333334e-12
 -1.591666666666667e-12
 -1.575000000000000e-12
 -1.558333333333333e-12
 -1.541666666666666e-12
 -1.524999999999999e-12
 -1.508333333333334e-12
 -1.491666666666667e-12
 -1.475000000000000e-12
 -1.458333333333333e-12
 -1.441666666666666e-12
 -1.424999999999999e-12
 -1.408333333333332e-12
 -1.391666666666667e-12
 -1.375000000000000e-12
 -1.358333333333333e-12
 -1.341666666666666e-12
 -1.324999999999999e-12
 -1.308333333333332e-12
 -1.291666666666667e-12
 -1.275000000000000e-12
 -1.258333333333333e-12
 -1.241666666666666e-12
 -1.224999999999999e-12
 -1.208333333333332e-12
 -1.191666666666667e-12
 -1.175000000000000e-12
 -1.158333333333333e-12
 -1.141666666666666e-12
 -1.124999999999999e-12
 -1.108333333333332e-12
 -1.091666666666667e-12
 -1.075000000000000e-12
 -1.058333333333333e-12
 -1.041666666666666e-12
 -1.024999999999999e-12
 -1.008333333333332e-12
 -9.916666666666671e-13
 -9.750000000000002e-13
 -9.583333333333333e-13
 -9.416666666666663e-13
 -9.249999999999994e-13
 -9.083333333333325e-13
 -8.916666666666671e-13
 -8.750000000000002e-13
 -8.583333333333333e-13
 -8.416666666666663e-13
 -8.249999999999994e-13
 -8.083333333333325e-13
 -7.916666666666672e-13
 -7.750000000000002e-13
 -7.583333333333333e-13
 -7.416666666666664e-13
 -7.249999999999994e-13
 -7.083333333333325e-13
 -6.916666666666672e-13
 -6.750000000000003e-13
 -6.583333333333333e-13
 -6.416666666666664e-13
 -6.249999999999995e-13
 -6.083333333333325e-13
 -5.916666666666672e-13
 -5.750000000000003e-13
 -5.583333333333333e-13
 -5.416666666666664e-13
 -5.249999999999995e-13
 -5.083333333333325e-13
 -4.916666666666672e-13
 -4.750000000000003e-13
 -4.583333333333334e-13
 -4.416666666666664e-13
 -4.249999999999995e-13
 -4.083333333333326e-13
 -3.916666666666656e-13
 -3.750000000000003e-13
 -3.583333333333334e-13
 -3.416666666666665e-13
 -3.249999999999995e-13
 -3.083333333333326e-13
 -2.916666666666657e-13
 -2.750000000000003e-13
 -2.583333333333334e-13
 -2.416666666666665e-13
 -2.249999999999995e-13
 -2.083333333333326e-13
 -1.916666666666657e-13
 -1.750000000000004e-13
 -1.583333333333334e-13
 -1.416666666666665e-13
 -1.249999999999996e-13
 -1.083333333333326e-13
 -9.166666666666570e-14
 -7.500000000000039e-14
 -5.833333333333346e-14
 -4.166666666666652e-14
 -2.499999999999959e-14
 -8.333333333332658e-15
 8.333333333334274e-15
 2.499999999999959e-14
 4.166666666666652e-14
 5.833333333333346e-14
 7.500000000000039e-14
 9.166666666666732e-14
 1.083333333333343e-13
 1.249999999999996e-13
 1.416666666666665e-13
 1.583333333333334e-13
 1.750000000000004e-13
 1.916666666666673e-13
 2.083333333333342e-13
 2.249999999999995e-13
 2.416666666666665e-13
 2.583333333333334e-13
 2.750000000000003e-13
 2.916666666666673e-13
 3.083333333333342e-13
 3.249999999999995e-13
 3.416666666666665e-13
 3.583333333333334e-13
 3.750000000000003e-13
 3.916666666666673e-13
 4.083333333333342e-13
 4.249999999999995e-13
 4.416666666666664e-13
 4.583333333333334e-13
 4.750000000000003e-13
 4.916666666666672e-13
 5.083333333333342e-13
 5.249999999999995e-13
 5.416666666666664e-13
 5.583333333333333e-13
 5.750000000000003e-13
 5.916666666666672e-13
 6.083333333333341e-13
 6.249999999999995e-13
 6.416666666666664e-13
 6.583333333333333e-13
 6.750000000000003e-13
 6.916666666666672e-13
 7.083333333333341e-13
 7.250000000000011e-13
 7.416666666666664e-13
 7.583333333333333e-13
 7.750000000000002e-13
 7.916666666666672e-13
 8.083333333333341e-13
 8.250000000000010e-13
 8.416666666666663e-13
 8.583333333333333e-13
 8.750000000000002e-13
 8.916666666666671e-13
 9.083333333333341e-13
 9.250000000000010e-13
 9.416666666666663e-13
 9.583333333333333e-13
 9.750000000000002e-13
 9.916666666666671e-13
 1.008333333333334e-12
 1.025000000000001e-12
 1.041666666666666e-12
 1.058333333333333e-12
 1.075000000000000e-12
 1.091666666666667e-12
 1.108333333333334e-12
 1.125000000000001e-12
 1.141666666666666e-12
 1.158333333333333e-12
 1.175000000000000e-12
 1.191666666666667e-12
 1.208333333333334e-12
 1.225000000000001e-12
 1.241666666666666e-12
 1.258333333333333e-12
 1.275000000000000e-12
 1.291666666666667e-12
 1.308333333333334e-12
 1.325000000000001e-12
 1.341666666666666e-12
 1.358333333333333e-12
 1.375000000000000e-12
 1.391666666666667e-12
 1.408333333333334e-12
 1.425000000000001e-12
 1.441666666666666e-12
 1.458333333333333e-12
 1.475000000000000e-12
 1.491666666666667e-12
 1.508333333333334e-12
 1.525000000000001e-12
 1.541666666666666e-12
 1.558333333333333e-12
 1.575000000000000e-12
 1.591666666666667e-12
 1.608333333333334e-12
 1.625000000000001e-12
 1.641666666666666e-12
 1.658333333333333e-12
 1.675000000000000e-12
 1.691666666666667e-12
 1.708333333333334e-12
 1.725000000000001e-12
 1.741666666666666e-12
 1.758333333333333e-12
 1.775000000000000e-12
 1.791666666666667e-12
 1.808333333333334e-12
 1.825000000000001e-12
 1.841666666666668e-12
 1.858333333333333e-12
 1.875000000000000e-12
 1.891666666666667e-12
 1.908333333333334e-12
 1.925000000000001e-12
 1.941666666666668e-12
 1.958333333333333e-12
 1.975000000000000e-12
 1.991666666666667e-12
 2.008333333333334e-12
 2.025000000000001e-12
 2.041666666666668e-12
 2.058333333333333e-12
 2.075000000000000e-12
 2.091666666666667e-12
 2.108333333333334e-12
 2.125000000000001e-12
 2.141666666666668e-12
 2.158333333333333e-12
 2.175000000000000e-12
 2.191666666666667e-12
 2.208333333333334e-12
 2.225000000000001e-12
 2.241666666666668e-12
 2.258333333333333e-12
 2.275000000000000e-12
 2.291666666666667e-12
 2.308333333333334e-12
 2.325000000000001e-12
 2.341666666666668e-12
 2.358333333333333e-12
 2.375000000000000e-12
 2.391666666666667e-12
 2.408333333333334e-12
 2.425000000000001e-12
 2.441666666666668e-12
 2.458333333333333e-12
 2.475000000000000e-12
 2.491666666666667e-12
 2.508333333333334e-12
 2.525000000000001e-12
 2.541666666666668e-12
 2.558333333333333e-12
 2.575000000000000e-12
 2.591666666666667e-12
 2.608333333333334e-12
 2.625000000000001e-12
 2.641666666666668e-12
 2.658333333333333e-12
 2.675000000000000e-12
 2.691666666666667e-12
 2.708333333333334e-12
 2.725000000000001e-12
 2.741666666666668e-12
 2.758333333333333e-12
 2.775000000000000e-12
 2.791666666666667e-12
 2.808333333333334e-12
 2.825000000000001e-12
 2.841666666666668e-12
 2.858333333333334e-12
 2.875000000000000e-12
 2.891666666666667e-12
 2.908333333333334e-12
 2.925000000000001e-12
 2.941666666666667e-12
 2.958333333333334e-12
 2.975000000000000e-12
 2.991666666666667e-12
 3.008333333333334e-12
 3.025000000000001e-12
 3.041666666666667e-12
 3.058333333333334e-12
 3.075000000000000e-12
 3.091666666666667e-12
 3.108333333333334e-12
 3.125000000000001e-12
 3.141666666666667e-12
 3.158333333333334e-12
 3.175000000000000e-12
 3.191666666666667e-12
 3.208333333333334e-12
 3.225000000000000e-12
 3.241666666666667e-12
 3.258333333333334e-12
 3.275000000000000e-12
 3.291666666666667e-12
 3.308333333333334e-12
 3.325000000000000e-12
 3.341666666666667e-12
 3.358333333333334e-12
 3.375000000000000e-12
 3.391666666666667e-12
 3.408333333333334e-12
 3.425000000000000e-12
 3.441666666666667e-12
 3.458333333333334e-12
 3.475000000000000e-12
 3.491666666666667e-12
 3.508333333333333e-12
 3.525000000000000e-12
 3.541666666666667e-12
 3.558333333333334e-12
 3.575000000000000e-12
 3.591666666666667e-12
 3.608333333333333e-12
 3.625000000000000e-12
 3.641666666666667e-12
 3.658333333333334e-12
 3.675000000000000e-12
 3.691666666666667e-12
 3.708333333333333e-12
 3.725000000000000e-12
 3.741666666666667e-12
 3.758333333333334e-12
 3.775000000000000e-12
 3.791666666666666e-12
 3.808333333333333e-12
 3.825000000000000e-12
 3.841666666666667e-12
 3.858333333333334e-12
 3.875000000000001e-12
 3.891666666666666e-12
 3.908333333333333e-12
 3.925000000000000e-12
 3.941666666666667e-12
 3.958333333333334e-12
 3.975000000000001e-12
 3.991666666666666e-12
 4.008333333333333e-12
 4.025000000000000e-12
 4.041666666666667e-12
 4.058333333333334e-12
 4.075000000000001e-12
 4.091666666666666e-12
 4.108333333333333e-12
 4.125000000000000e-12
 4.141666666666667e-12
 4.158333333333334e-12
 4.175000000000001e-12
 4.191666666666666e-12
 4.208333333333333e-12
 4.225000000000000e-12
 4.241666666666667e-12
 4.258333333333334e-12
 4.275000000000001e-12
 4.291666666666666e-12
 4.308333333333333e-12
 4.325000000000000e-12
 4.341666666666667e-12
 4.358333333333334e-12
 4.375000000000001e-12
 4.391666666666666e-12
 4.408333333333333e-12
 4.425000000000000e-12
 4.441666666666667e-12
 4.458333333333334e-12
 4.475000000000001e-12
 4.491666666666666e-12
 4.508333333333333e-12
 4.525000000000000e-12
 4.541666666666667e-12
 4.558333333333334e-12
 4.574999999999999e-12
 4.591666666666668e-12
 4.608333333333333e-12
 4.625000000000002e-12
 4.641666666666667e-12
 4.658333333333332e-12
 4.675000000000001e-12
 4.691666666666666e-12
 4.708333333333335e-12
 4.725000000000000e-12
 4.741666666666665e-12
 4.758333333333334e-12
 4.774999999999999e-12
 4.791666666666668e-12
 4.808333333333333e-12
 4.825000000000002e-12
 4.841666666666667e-12
 4.858333333333332e-12
 4.875000000000001e-12
 4.891666666666666e-12
 4.908333333333335e-12
 4.925000000000000e-12
 4.941666666666665e-12
 4.958333333333334e-12
 4.974999999999999e-12
 4.991666666666668e-12
 5.008333333333333e-12
 5.025000000000002e-12
 5.041666666666667e-12
 5.058333333333332e-12
 5.075000000000001e-12
 5.091666666666666e-12
 5.108333333333335e-12
 5.125000000000000e-12
 5.141666666666669e-12
 5.158333333333334e-12
 5.174999999999999e-12
 5.191666666666668e-12
 5.208333333333333e-12
 5.225000000000002e-12
 5.241666666666667e-12
 5.258333333333332e-12
 5.275000000000001e-12
 5.291666666666666e-12
 5.308333333333335e-12
 5.325000000000000e-12
 5.341666666666669e-12
 5.358333333333334e-12
 5.374999999999999e-12
 5.391666666666668e-12
 5.408333333333333e-12
 5.425000000000002e-12
 5.441666666666667e-12
 5.458333333333332e-12
 5.475000000000001e-12
 5.491666666666666e-12
 5.508333333333335e-12
 5.525000000000000e-12
 5.541666666666669e-12
 5.558333333333334e-12
 5.574999999999999e-12
 5.591666666666668e-12
 5.608333333333333e-12
 5.625000000000002e-12
 5.641666666666667e-12
 5.658333333333332e-12
 5.675000000000001e-12
 5.691666666666666e-12
 5.708333333333335e-12
 5.725000000000000e-12
 5.741666666666668e-12
 5.758333333333334e-12
 5.774999999999999e-12
 5.791666666666668e-12
 5.808333333333333e-12
 5.825000000000002e-12
 5.841666666666667e-12
 5.858333333333332e-12
 5.875000000000001e-12
 5.891666666666666e-12
 5.908333333333335e-12
 5.925000000000000e-12
 5.941666666666668e-12
 5.958333333333334e-12
 5.974999999999999e-12
 5.991666666666668e-12
 6.008333333333333e-12
 6.025000000000001e-12
 6.041666666666667e-12
 6.058333333333335e-12
 6.075000000000001e-12
 6.091666666666666e-12
 6.108333333333335e-12
 6.125000000000000e-12
 6.141666666666668e-12
 6.158333333333334e-12
 6.174999999999999e-12
 6.191666666666668e-12
 6.208333333333333e-12
 6.225000000000001e-12
 6.241666666666667e-12
 6.258333333333335e-12
 6.275000000000001e-12
 6.291666666666666e-12
 6.308333333333334e-12
 6.325000000000000e-12
 6.341666666666668e-12
 6.358333333333334e-12
 6.374999999999999e-12
 6.391666666666668e-12
 6.408333333333333e-12
 6.425000000000001e-12
 6.441666666666667e-12
 6.458333333333335e-12
 6.475000000000001e-12
 6.491666666666666e-12
 6.508333333333334e-12
 6.525000000000000e-12
 6.541666666666668e-12
 6.558333333333334e-12
 6.574999999999999e-12
 6.591666666666667e-12
 6.608333333333333e-12
 6.625000000000001e-12
 6.641666666666667e-12
 6.658333333333335e-12
 6.675000000000001e-12
 6.691666666666666e-12
 6.708333333333334e-12
 6.725000000000000e-12
 6.741666666666668e-12
 6.758333333333334e-12
 6.774999999999999e-12
 6.791666666666667e-12
 6.808333333333333e-12
 6.825000000000001e-12
 6.841666666666667e-12
 6.858333333333335e-12
 6.875000000000000e-12
 6.891666666666666e-12
 6.908333333333334e-12
 6.925000000000000e-12
 6.941666666666668e-12
 6.958333333333334e-12
 6.974999999999999e-12
 6.991666666666667e-12
 7.008333333333333e-12
 7.025000000000001e-12
 7.041666666666667e-12
 7.058333333333335e-12
 7.075000000000000e-12
 7.091666666666666e-12
 7.108333333333334e-12
 7.125000000000000e-12
 7.141666666666668e-12
 7.158333333333333e-12
 7.175000000000002e-12
 7.191666666666667e-12
 7.208333333333333e-12
 7.225000000000001e-12
 7.241666666666667e-12
 7.258333333333335e-12
 7.275000000000000e-12
 7.291666666666666e-12
 7.308333333333334e-12
 7.325000000000000e-12
 7.341666666666668e-12
 7.358333333333333e-12
 7.375000000000002e-12
 7.391666666666667e-12
 7.408333333333333e-12
 7.425000000000001e-12
 7.441666666666666e-12
 7.458333333333335e-12
 7.475000000000000e-12
 7.491666666666666e-12
 7.508333333333334e-12
 7.525000000000000e-12
 7.541666666666668e-12
 7.558333333333333e-12
 7.575000000000002e-12
 7.591666666666667e-12
 7.608333333333333e-12
 7.625000000000001e-12
 7.641666666666666e-12
 7.658333333333335e-12
 7.675000000000000e-12
 7.691666666666666e-12
 7.708333333333334e-12
 7.724999999999999e-12
 7.741666666666668e-12
 7.758333333333333e-12
 7.775000000000002e-12
 7.791666666666667e-12
 7.808333333333333e-12
 7.825000000000001e-12
 7.841666666666666e-12
 7.858333333333335e-12
 7.875000000000000e-12
 7.891666666666666e-12
 7.908333333333334e-12
 7.924999999999999e-12
 7.941666666666668e-12
 7.958333333333333e-12
 7.975000000000002e-12
 7.991666666666667e-12
 8.008333333333332e-12
 8.025000000000001e-12
 8.041666666666666e-12
 8.058333333333335e-12
 8.075000000000000e-12
 8.091666666666666e-12
 8.108333333333334e-12
 8.124999999999999e-12
 8.141666666666668e-12
 8.158333333333333e-12
 8.175000000000002e-12
 8.191666666666667e-12
 8.208333333333332e-12
 8.225000000000001e-12
 8.241666666666666e-12
 8.258333333333335e-12
 8.275000000000000e-12
 8.291666666666669e-12
 8.308333333333334e-12
 8.324999999999999e-12
 8.341666666666668e-12
 8.358333333333333e-12
 8.375000000000002e-12
 8.391666666666667e-12
 8.408333333333332e-12
 8.425000000000001e-12
 8.441666666666666e-12
 8.458333333333335e-12
 8.475000000000000e-12
 8.491666666666669e-12
 8.508333333333334e-12
 8.524999999999999e-12
 8.541666666666668e-12
 8.558333333333333e-12
 8.575000000000002e-12
 8.591666666666667e-12
 8.608333333333332e-12
 8.625000000000001e-12
 8.641666666666666e-12
 8.658333333333335e-12
 8.675000000000000e-12
 8.691666666666669e-12
 8.708333333333334e-12
 8.724999999999999e-12
 8.741666666666668e-12
 8.758333333333333e-12
 8.775000000000002e-12
 8.791666666666667e-12
 8.808333333333332e-12
 8.825000000000001e-12
 8.841666666666666e-12
 8.858333333333335e-12
 8.875000000000000e-12
 8.891666666666669e-12
 8.908333333333334e-12
 8.924999999999999e-12
 8.941666666666668e-12
 8.958333333333333e-12
 8.975000000000002e-12
 8.991666666666667e-12
 9.008333333333332e-12
 9.025000000000001e-12
 9.041666666666666e-12
 9.058333333333335e-12
 9.075000000000000e-12
 9.091666666666669e-12
 9.108333333333334e-12
 9.124999999999999e-12
 9.141666666666668e-12
 9.158333333333333e-12
 9.175000000000002e-12
 9.191666666666667e-12
 9.208333333333335e-12
 9.225000000000001e-12
 9.241666666666666e-12
 9.258333333333335e-12
 9.275000000000000e-12
 9.291666666666669e-12
 9.308333333333334e-12
 9.324999999999999e-12
 9.341666666666668e-12
 9.358333333333333e-12
 9.375000000000002e-12
 9.391666666666667e-12
 9.408333333333335e-12
 9.425000000000001e-12
 9.441666666666666e-12
 9.458333333333335e-12
 9.475000000000000e-12
 9.491666666666668e-12
 9.508333333333334e-12
 9.524999999999999e-12
 9.541666666666668e-12
 9.558333333333333e-12
 9.575000000000002e-12
 9.591666666666667e-12
 9.608333333333335e-12
 9.625000000000001e-12
 9.641666666666666e-12
 9.658333333333335e-12
 9.675000000000000e-12
 9.691666666666668e-12
 9.708333333333334e-12
 9.724999999999999e-12
 9.741666666666668e-12
 9.758333333333333e-12
 9.775000000000001e-12
 9.791666666666667e-12
 9.808333333333335e-12
 9.825000000000001e-12
 9.841666666666666e-12
 9.858333333333335e-12
 9.875000000000000e-12
 9.891666666666668e-12
 9.908333333333334e-12
 9.924999999999999e-12
 9.941666666666668e-12
 9.958333333333333e-12
 9.975000000000001e-12
 9.991666666666667e-12
 