0.000000000000000e+00,0.000000000000000e+00
 0.000000000000000e+00,0.000000000000000e+00
 0.000000000000000e+00,0.000000000000000e+00
 0.000000000000000e+00,0.000000000000000e+00
 0.000000000000000e+00,0.000000000000000e+00
 0.000000000000000e+00,0.000000000000000e+00
 0.000000000000000e+00,0.000000000000000e+00
 0.000000000000000e+00,0.000000000000000e+00
 0.000000000000000e+00,0.000000000000000e+00
 0.000000000000000e+00,0.000000000000000e+00
 0.000000000000000e+00,0.000000000000000e+00
 0.000000000000000e+00,0.000000000000000e+00
 0.000000000000000e+00,0.000000000000000e+00
 0.000000000000000e+00,0.000000000000000e+00
 0.000000000000000e+00,0.000000000000000e+00
 0.000000000000000e+00,0.000000000000000e+00
 0.000000000000000e+00,0.000000000000000e+00
 0.000000000000000e+00,0.000000000000000e+00
 0.000000000000000e+00,0.000000000000000e+00
 0.000000000000000e+00,0.000000000000000e+00
 0.000000000000000e+00,0.000000000000000e+00
 0.000000000000000e+00,0.000000000000000e+00
 0.000000000000000e+00,0.000000000000000e+00
 0.000000000000000e+00,0.000000000000000e+00
 0.000000000000000e+00,0.000000000000000e+00
 0.000000000000000e+00,0.000000000000000e+00
 0.000000000000000e+00,0.000000000000000e+00
 0.000000000000000e+00,0.000000000000000e+00
 0.000000000000000e+00,0.000000000000000e+00
 0.000000000000000e+00,0.000000000000000e+00
 0.000000000000000e+00,0.000000000000000e+00
 0.000000000000000e+00,0.000000000000000e+00
 0.000000000000000e+00,0.000000000000000e+00
 0.000000000000000e+00,0.000000000000000e+00
 0.000000000000000e+00,0.000000000000000e+00
 0.000000000000000e+00,0.000000000000000e+00
 0.000000000000000e+00,0.000000000000000e+00
 0.000000000000000e+00,0.000000000000000e+00
 0.000000000000000e+00,0.000000000000000e+00
 0.000000000000000e+00,0.000000000000000e+00
 0.000000000000000e+00,0.000000000000000e+00
 0.000000000000000e+00,0.000000000000000e+00
 0.000000000000000e+00,0.000000000000000e+00
 0.000000000000000e+00,0.000000000000000e+00
 0.000000000000000e+00,0.000000000000000e+00
 0.000000000000000e+00,0.000000000000000e+00
 0.000000000000000e+00,0.000000000000000e+00
 0.000000000000000e+00,0.000000000000000e+00
 0.000000000000000e+00,0.000000000000000e+00
 0.000000000000000e+00,0.000000000000000e+00
 0.000000000000000e+00,0.000000000000000e+00
 0.000000000000000e+00,0.000000000000000e+00
 0.000000000000000e+00,0.000000000000000e+00
 0.000000000000000e+00,0.000000000000000e+00
 0.000000000000000e+00,0.000000000000000e+00
 0.000000000000000e+00,0.000000000000000e+00
 0.000000000000000e+00,0.000000000000000e+00
 0.000000000000000e+00,0.000000000000000e+00
 0.000000000000000e+00,0.000000000000000e+00
 0.000000000000000e+00,0.000000000000000e+00
 0.000000000000000e+00,0.000000000000000e+00
 0.000000000000000e+00,0.000000000000000e+00
 0.000000000000000e+00,0.000000000000000e+00
 0.000000000000000e+00,0.000000000000000e+00
 0.000000000000000e+00,0.000000000000000e+00
 0.000000000000000e+00,0.000000000000000e+00
 0.000000000000000e+00,0.000000000000000e+00
 0.000000000000000e+00,0.000000000000000e+00
 0.000000000000000e+00,0.000000000000000e+00
 0.000000000000000e+00,0.000000000000000e+00
 0.000000000000000e+00,0.000000000000000e+00
 0.000000000000000e+00,0.000000000000000e+00
 0.000000000000000e+00,0.000000000000000e+00
 0.000000000000000e+00,0.000000000000000e+00
 0.000000000000000e+00,0.000000000000000e+00
 0.000000000000000e+00,0.000000000000000e+00
 0.000000000000000e+00,0.000000000000000e+00
 0.000000000000000e+00,0.000000000000000e+00
 0.000000000000000e+00,0.000000000000000e+00
 0.000000000000000e+00,0.000000000000000e+00
 0.000000000000000e+00,0.000000000000000e+00
 0.000000000000000e+00,0.000000000000000e+00
 0.000000000000000e+00,0.000000000000000e+00
 0.000000000000000e+00,0.000000000000000e+00
 0.000000000000000e+00,0.000000000000000e+00
 0.000000000000000e+00,0.000000000000000e+00
 0.000000000000000e+00,0.000000000000000e+00
 0.000000000000000e+00,0.000000000000000e+00
 0.000000000000000e+00,0.000000000000000e+00
 0.000000000000000e+00,0.000000000000000e+00
 0.000000000000000e+00,0.000000000000000e+00
 0.000000000000000e+00,0.000000000000000e+00
 0.000000000000000e+00,0.000000000000000e+00
 0.000000000000000e+00,0.000000000000000e+00
 0.000000000000000e+00,0.000000000000000e+00
 0.000000000000000e+00,0.000000000000000e+00
 0.000000000000000e+00,0.000000000000000e+00
 0.000000000000000e+00,0.000000000000000e+00
 0.000000000000000e+00,0.000000000000000e+00
 0.000000000000000e+00,0.000000000000000e+00
 0.000000000000000e+00,0.000000000000000e+00
 0.000000000000000e+00,0.000000000000000e+00
 0.000000000000000e+00,0.000000000000000e+00
 0.000000000000000e+00,0.000000000000000e+00
 0.000000000000000e+00,0.000000000000000e+00
 0.000000000000000e+00,0.000000000000000e+00
 0.000000000000000e+00,0.000000000000000e+00
 0.000000000000000e+00,0.000000000000000e+00
 0.000000000000000e+00,0.000000000000000e+00
 0.000000000000000e+00,0.000000000000000e+00
 0.000000000000000e+00,0.000000000000000e+00
 0.000000000000000e+00,0.000000000000000e+00
 0.000000000000000e+00,0.000000000000000e+00
 0.000000000000000e+00,0.000000000000000e+00
 0.000000000000000e+00,0.000000000000000e+00
 0.000000000000000e+00,0.000000000000000e+00
 0.000000000000000e+00,0.000000000000000e+00
 0.000000000000000e+00,0.000000000000000e+00
 0.000000000000000e+00,0.000000000000000e+00
 0.000000000000000e+00,0.000000000000000e+00
 0.000000000000000e+00,0.000000000000000e+00
 0.000000000000000e+00,0.000000000000000e+00
 0.000000000000000e+00,0.000000000000000e+00
 0.000000000000000e+00,0.000000000000000e+00
 0.000000000000000e+00,0.000000000000000e+00
 0.000000000000000e+00,0.000000000000000e+00
 0.000000000000000e+00,0.000000000000000e+00
 0.000000000000000e+00,0.000000000000000e+00
 0.000000000000000e+00,0.000000000000000e+00
 0.000000000000000e+00,0.000000000000000e+00
 0.000000000000000e+00,0.000000000000000e+00
 0.000000000000000e+00,0.000000000000000e+00
 0.000000000000000e+00,0.000000000000000e+00
 0.000000000000000e+00,0.000000000000000e+00
 0.000000000000000e+00,0.000000000000000e+00
 0.000000000000000e+00,0.000000000000000e+00
 0.000000000000000e+00,0.000000000000000e+00
 0.000000000000000e+00,0.000000000000000e+00
 0.000000000000000e+00,0.000000000000000e+00
 0.000000000000000e+00,0.000000000000000e+00
 0.000000000000000e+00,0.000000000000000e+00
 0.000000000000000e+00,0.000000000000000e+00
 0.000000000000000e+00,0.000000000000000e+00
 0.000000000000000e+00,0.000000000000000e+00
 0.000000000000000e+00,0.000000000000000e+00
 0.000000000000000e+00,0.000000000000000e+00
 0.000000000000000e+00,0.000000000000000e+00
 0.000000000000000e+00,0.000000000000000e+00
 5.406389600420320e-271,-6.754771766733068e-274
 1.507466892541796e-270,-1.886837023055797e-273
 7.471281346112780e-270,-9.368444324306464e-273
 3.601064145335398e-269,-4.523676663140274e-272
 1.737146525437089e-268,-2.186190457191231e-271
 8.393240122229881e-268,-1.058216623105205e-270
 4.058256598180676e-267,-5.126020968664959e-270
 1.962139697776362e-266,-2.482957620516898e-269
 9.484992904095869e-266,-1.202478926700861e-268
 4.584248084278705e-265,-5.822536781240733e-268
 2.215268119407669e-264,-2.818880620075256e-267
 1.070313143734537e-263,-1.364489210686763e-266
 5.170369647179368e-263,-6.603775709447873e-266
 2.497227668737560e-262,-3.195530418901497e-265
 1.205924604246944e-261,-1.546043480454219e-264
 5.822470625399906e-261,-7.478736410728535e-264
 2.810730749678994e-260,-3.617113959127940e-263
 1.356611913052352e-259,-1.749134729947205e-262
 6.546604469564792e-259,-8.456898201224879e-262
 3.158641396157502e-258,-4.088136338422420e-261
 1.523729703785905e-257,-1.975903473989924e-260
 7.349174851047527e-257,-9.548426717203473e-260
 3.543985235637744e-256,-4.613423325661425e-259
 1.708706787130391e-255,-2.228639575888073e-258
 8.236925516463795e-255,-1.076418271200927e-257
 3.969943458109048e-254,-5.198123815583158e-257
 1.913042964935277e-253,-2.509782912047872e-256
 9.216923348796788e-253,-1.211572244614357e-255
 4.439843924348349e-252,-5.847708701597479e-255
 2.138304406749922e-251,-2.821922209044988e-254
 1.029653451478649e-250,-1.361528916267559e-253
 4.957148943261162e-250,-6.567965393969590e-253
 2.386117423164526e-249,-3.167791756386625e-252
 1.148339290636544e-248,-1.527579421656614e-251
 5.525439349560528e-248,-7.364987306269724e-251
 2.658160465048790e-247,-3.550265675595146e-250
 1.278536008485915e-246,-1.711078635254831e-249
 6.148394516456336e-246,-8.245157601803556e-249
 2.956154180459522e-245,-3.972349412888764e-248
 1.421047595542038e-244,-1.913440757109861e-247
 6.829767949663524e-244,-9.215126469418890e-247
 3.281849367812099e-243,-4.437168113999803e-246
 1.576689943777223e-242,-2.136133398962113e-245
 7.573358130317140e-242,-1.028178118707870e-244
 3.637012675410680e-241,-4.947951536559930e-244
 1.746283846059194e-240,-2.380670010144731e-243
 8.382974306608421e-240,-1.145220823437711e-242
 4.023409914228654e-239,-5.508015159193397e-242
 1.930646869354789e-238,-2.648600486419055e-241
 9.262396978405316e-238,-1.273364673438155e-240
 4.442786873475981e-237,-6.120737158189937e-240
 2.130584054583893e-236,-2.941499811730294e-239
 1.021533287701841e-235,-1.413343254357276e-238
 4.896847557537979e-235,-6.789530943671266e-238
 2.346877410528320e-234,-3.260954594202749e-237
 1.124536431460203e-233,-1.565893236886278e-236
 5.387229798802778e-233,-7.517812978813390e-236
 2.580274186973770e-232,-3.608547374138383e-235
 1.235589286536818e-231,-1.731746737547832e-234
 5.915478244009885e-231,-8.308965649080474e-234
 2.831473933434300e-230,-3.985838603890429e-233
 1.355007744442370e-229,-1.911622586142257e-232
 6.483014762385784e-229,-9.166295004856212e-232
 3.101114374462241e-228,-4.394346227769547e-231
 1.483076696987842e-227,-2.106216471554959e-230
 7.091106381924442e-227,-1.009298327115915e-229
 3.389756160680779e-226,-4.835522825041386e-229
 1.620042792978290e-225,-2.316189954891268e-228
 7.740830925728027e-225,-1.109203610331086e-227
 3.697866586198926e-224,-5.310730320937407e-227
 1.766106732681897e-223,-2.542158359437849e-226
 8.433040592855882e-223,-1.216622466787164e-225
 4.025802397784111e-222,-5.821212319657251e-225
 1.921415163940816e-221,-2.784677570839542e-224
 9.168323807078753e-221,-1.331802274420019e-223
 4.373791858706079e-220,-6.368064169593639e-223
 2.086052261607528e-219,-3.044229808097633e-222
 9.946965741375655e-219,-1.454953917346719e-221
 4.741916270070252e-218,-6.952200934343435e-221
 2.260031090814944e-217,-3.321208456451422e-220
 1.076890801461382e-216,-1.586244612810752e-219
 5.130091194103947e-216,-7.574323513115412e-219
 2.443284874107030e-215,-3.615902086693193e-218
 1.163370814807857e-214,-1.725790383442293e-217
 5.538047666382126e-214,-8.234883230166281e-217
 2.635658302239512e-213,-3.928477821594250e-216
 1.254049946137822e-212,-1.873648255249587e-215
 5.965313726510058e-212,-8.934045294088370e-215
 2.836899048080167e-211,-4.258964248469642e-214
 1.348795217740058e-210,-2.029808279822878e-213
 6.411196638053711e-210,-9.671651612677856e-213
 3.046649661880617e-209,-4.607234116749538e-212
 1.447423659173315e-208,-2.194185497892415e-211
 6.874766207355762e-208,-1.044718353630787e-210
 3.264440043689682e-207,-4.972987100039812e-210
 1.549698924026699e-206,-2.366611980237609e-209
 7.354839645722614e-206,-1.125972519005815e-208
 3.489680704082985e-205,-5.355732942488874e-208
 1.655328306632202e-204,-2.546829100526341e-207
 7.849968448805808e-204,-1.210792814007537e-206
 3.721657036973290e-203,-5.754775348233348e-206
 1.763960264187073e-202,-2.734480212396133e-205
 8.358427789156812e-202,-1.298997822007561e-204
 3.959524837257157e-201,-6.169197008982243e-204
 1.875182553264980e-200,-2.929103919354784e-203
 8.878208931102184e-200,-1.390356541643528e-202
 4.202307300600364e-199,-6.597846196918987e-202
 1.988521091060180e-198,-3.130128140222525e-201
 9.407015179587113e-198,-1.484585777175355e-200
 4.448893741993415e-197,-7.039325376534765e-200
 2.103439650477978e-196,-3.336865184010698e-199
 9.942261864743066e-196,-1.581348031355153e-198
 4.698040263033123e-195,-7.491982308079748e-198
 2.219340494106003e-194,-3.548508055706709e-197
 1.048108084006266e-193,-1.680250004324078e-196
 4.948372584492349e-193,-7.953904125315106e-196
 2.335566044766770e-192,-3.764128217475424e-195
 1.102032993280814e-191,-1.780841802693849e-194
 5.198391240017369e-191,-8.422914869460555e-194
 2.451401679550641e-190,-3.982675027585716e-193
 1.155660772951851e-189,-1.882616961052619e-192
 5.446479298268254e-189,-8.896576948009908e-192
 2.566079719747613e-188,-4.202977071151271e-191
 1.208627400649672e-187,-1.985013373325289e-190
 5.690912744224504e-187,-9.372196959956990e-190
 2.678784670845785e-186,-4.423745581883039e-189
 1.260547602450781e-185,-2.087415223399191e-188
 5.929873605586922e-185,-9.846836286540320e-188
 2.788659744720384e-184,-4.643580131877916e-187
 1.311018079890515e-183,-2.189155992972607e-186
 6.161465857444891e-183,-1.031732678793371e-185
 2.894814670462094e-182,-4.860976736651445e-185
 1.359621333178634e-181,-2.289522609521775e-184
 6.383734078103594e-181,-1.078029187071743e-183
 2.996334771209086e-180,-5.074338484857740e-183
 1.405930065301295e-179,-2.387760778535701e-182
 6.594684761956889e-179,-1.123217309826286e-181
 3.092291252334414e-178,-5.281988756526981e-181
 1.449512136419679e-177,-2.483081521774575e-180
 6.792310122679006e-177,-1.166926240671957e-179
 3.181752611896453e-176,-5.482187040318541e-179
 1.489936021698588e-175,-2.574668917432211e-178
 6.974614143270140e-175,-1.208773986409272e-177
 3.263797048192752e-174,-5.673147299907935e-177
 1.526776708793409e-173,-2.661689009047565e-176
 7.139640550483341e-173,-1.248371677066550e-175
 3.337525702441559e-172,-5.853058773045459e-175
 1.559621954115986e-171,-2.743299818251469e-174
 7.285502311950579e-171,-1.285328374800726e-173
 3.402076538077180e-170,-6.020109015236137e-173
 1.588078800209844e-169,-2.818662362599517e-172
 7.410412177480273e-169,-1.319256330436393e-171
 3.456638623097468e-168,-6.172508925033428e-171
 1.611780240659575e-167,-2.886952544621800e-170
 7.512713714098410e-167,-1.349776620006137e-169
 3.500466549606234e-166,-6.308519411502955e-169
 1.630391904523347e-165,-2.947373742720567e-168
 7.590912220398609e-165,-1.376525077241099e-167
 3.532894696492927e-164,-6.426479288727989e-167
 1.643618619975863e-163,-2.999169899809888e-166
 7.643704852571795e-163,-1.399158422067634e-165
 3.553351018495311e-162,-6.524833909880194e-165
 1.651210707294563e-161,-3.041638872784709e-164
 7.670009255045850e-161,-1.417360470372001e-163
 3.561370028980791e-160,-6.602163986993734e-163
 1.652969845132183e-159,-3.074145776333230e-162
 7.668989965776688e-159,-1.430848297213639e-161
 3.556604636023488e-158,-6.657213985227409e-161
 1.648754351786078e-157,-3.096136029663765e-160
 7.640081862454972e-157,-1.439378214935919e-159
 3.538836492758827e-156,-6.688919434820360e-159
 1.638483725353853e-155,-3.107147795700033e-158
 7.583009933329474e-155,-1.442751419863140e-157
 3.507984534559737e-154,-6.696432473165124e-157
 1.622142293672719e-153,-3.106823490577781e-156
 7.497804696581497e-153,-1.440819157078276e-155
 3.464111397903714e-152,-6.679144916063518e-155
 1.599781837007114e-151,-3.094920038022468e-154
 7.384812656176079e-151,-1.433487252691525e-153
 3.407427449186537e-150,-6.636708163637018e-153
 1.571523063658982e-149,-3.071317549428059e-152
 7.244701269901642e-149,-1.420719867464427e-151
 3.338292196136891e-148,-6.569049274483337e-151
 1.537555840943117e-147,-3.036026127013194e-150
 7.078458016204747e-147,-1.402542334988644e-149
 3.257212909342257e-146,-6.476382592695793e-149
 1.498138110964721e-145,-2.989190514740114e-148
 6.887383278571157e-145,-1.379042961983284e-147
 3.164840345792158e-144,-6.359216386922376e-147
 1.453593451861471e-143,-2.931092359912025e-146
 6.673076916953019e-143,-1.350373687685588e-145
 3.061961538810980e-142,-6.218354058347201e-145
 1.404307279871230e-141,-2.862149897186890e-144
 6.437418561273948e-141,-1.316749523549663e-143
 2.949489697409614e-140,-6.054889594080251e-143
 1.350721724828468e-139,-2.782914925445836e-142
 6.182541837678237e-139,-1.278446723121841e-141
 2.828451340629392e-138,-5.870197081686679e-141
 1.293329250335775e-137,-2.694067015303243e-140
 5.910802918437301e-137,-1.235799664399401e-139
 2.699970876192757e-136,-5.665914256156452e-139
 1.232665128608680e-135,-2.596404959355465e-138
 5.624743965051359e-135,-1.189196462341482e-137
 2.565252914752125e-134,-5.443920218223867e-137
 1.169298917454071e-133,-2.490835556420714e-136
 5.327052204416758e-133,-1.139073366429132e-135
 2.425562688112632e-132,-5.206307637424073e-135
 1.103825121529601e-131,-2.378359902460332e-134
 5.020515533164885e-131,-1.085908036046755e-133
 2.282205008799934e-130,-4.955349928652562e-133
 1.036853250484464e-129,-2.260057441758545e-132
 4.707975678544440e-129,-1.030211823589348e-131
 2.136502266147748e-128,-4.693464060738658e-131
 9.689975113748880e-128,-2.137068109145217e-130
 4.392280049238527e-127,-9.725212301485249e-130
 1.989771997835439e-126,-4.423169812805928e-129
 9.008663906236652e-126,-2.010572964406008e-128
 4.076233480581908e-125,-9.133887298907112e-128
 1.843304603066827e-124,-4.147046432115972e-127
 8.330523906748420e-124,-1.881773780342782e-126
 3.762551111273157e-123,-8.533731853740721e-126
 1.698341772393451e-122,-3.867687758995491e-125
 7.661221875936939e-122,-1.751872093244676e-124
 3.453813619640270e-121,-7.930300957092620e-124
 1.556056198355993e-120,-3.587656964457538e-123
 7.006074677251650e-120,-1.622048256179129e-122
 3.152425995267260e-119,-7.329019314995356e-122
 1.417533100162906e-118,-3.309442089175017e-121
 6.369966840659146e-118,-1.493441049360797e-120
 2.860580926603778e-117,-6.735088140049596e-120
 1.283754044975720e-116,-3.035413574878276e-119
 5.757279465679978e-116,-1.367128396441716e-118
 2.580227749239432e-115,-6.153397903852259e-118
 1.155583479357900e-114,-2.767784938942811e-117
 5.171832259200617e-114,-1.244109710158105e-116
 2.313047726980148e-113,-5.588449419895569e-116
 1.033758299265300e-112,-2.508577659566771e-115
 4.616840086188033e-112,-1.125290345554671e-114
 2.060436234718255e-111,-5.044285386970070e-114
 9.188806886914994e-111,-2.259591214237727e-113
 4.094884938789789e-110,-1.011468575054481e-112
 1.823492186007793e-109,-4.524434199165858e-112
 8.114143494960081e-109,-2.022379051795946e-111
 3.607903719909783e-108,-9.033254189753488e-111
 1.603014808247743e-107,-4.031867431091218e-110
 7.116841323962324e-107,-1.798231083963629e-109
 3.157191712108862e-106,-8.014175706167864e-109
 1.399507624394759e-105,-3.568971950648002e-108
 6.198789663224707e-105,-1.588163063148039e-107
 2.743421083822170e-104,-7.061735504351488e-107
 1.213189262628526e-103,-3.137537114861202e-106
 5.360578751695930e-103,-1.392912978514260e-105
 2.366673294932611e-102,-6.178931134114045e-105
 1.044010494700335e-101,-2.738756987589937e-104
 4.601587721771473e-101,-1.212944361754895e-103
 2.026483824250850e-100,-5.367498222477434e-103
 8.916767095799953e-100,-2.373247004022407e-102
 3.920096370929388e-99,-1.048456158229802e-101
 1.721897271812606e-98,-4.627965914450903e-101
 7.556748700098143e-98,-2.041074018598701e-100
 3.313416136578863e-97,-8.993985988195561e-100
 1.451530605291136e-96,-3.959739084983469e-99
 6.353038825681410e-96,-1.741798232673885e-98
 2.778035176866805e-95,-7.654943130210578e-98
 1.213642134079328e-94,-3.361203529157814e-97
 5.297072416185301e-94,-1.474525126035815e-96
 2.309772209607214e-93,-6.462637634286483e-96
 1.006203713678845e-92,-2.829849654537108e-95
 4.379067864510480e-92,-1.237965229297561e-94
 1.903933740190464e-91,-5.410539630806834e-94
 8.269737083738037e-91,-2.362409719135111e-93
 3.588364388306468e-90,-1.030499384897631e-92
 1.555469512361768e-89,-4.490693653264654e-92
 6.735683676631396e-89,-1.955003400917925e-91
 2.913748622934287e-88,-8.502470605146209e-91
 1.259121426525189e-87,-3.694037935484564e-90
 5.435294921306990e-87,-1.603286458362428e-89
 2.343760997122705e-86,-6.951353020649599e-89
 1.009561761305424e-85,-3.010723052473935e-88
 4.343865630912540e-85,-1.302597442094749e-87
 1.866973946274840e-84,-5.629660401936671e-87
 8.015172689822353e-84,-2.430419589588912e-86
 3.437118693650913e-83,-1.048097828473307e-85
 1.472235757064186e-82,-4.514796847522882e-85
 6.298765508426438e-82,-1.942605679797095e-84
 2.691675630358735e-81,-8.349015391647353e-84
 1.148875724945577e-80,-3.584132416261984e-83
 4.897790071966211e-80,-1.536826744846773e-82
 2.085439917904264e-79,-6.581905487502454e-82
 8.868682394494209e-79,-2.815515467310289e-81
 3.766845505136353e-78,-1.202921521248683e-80
 1.597890661907742e-77,-5.133141204783353e-80
 6.769552889860324e-77,-2.187706114968386e-79
 2.864241226940249e-76,-9.312103430553782e-79
 1.210288051777241e-75,-3.958700995284441e-78
 5.107286042807306e-75,-1.680724896589672e-77
 2.152318276397506e-74,-7.126435828748154e-77
 9.057954414260130e-74,-3.017675836927418e-76
 3.806741587934627e-73,-1.276114837271525e-75
 1.597601442022122e-72,-5.389100155071351e-75
 6.695257266935508e-72,-2.272711356482711e-74
 2.801829555339260e-71,-9.571188970563299e-74
 1.170801976542140e-70,-4.025065695968245e-73
 4.885218369145438e-70,-1.690274568057964e-72
 2.035329143124131e-69,-7.087781203151673e-72
 8.466942582949417e-69,-2.967723918376495e-71
 3.516825737285990e-68,-1.240760759038806e-70
 1.458472163551518e-67,-5.179585287611626e-70
 6.038917543172264e-67,-2.158913058395127e-69
 2.496457147387596e-66,-8.984609183785995e-69
 1.030346715150199e-65,-3.733168134352772e-68
 4.245481133953729e-65,-1.548675673130699e-67
 1.746402982581122e-64,-6.414133651544560e-67
 7.171757445377253e-64,-2.652161435456088e-66
 2.940083255359639e-63,-1.094802867207022e-65
 1.203194022228163e-62,-4.511648797155747e-65
 4.915215427860017e-62,-1.856039296791540e-64
 2.004328534357657e-61,-7.622202157484938e-64
 8.158363894827432e-61,-3.124667536026303e-63
 3.314615334403492e-60,-1.278632116601750e-62
 1.344147455519379e-59,-5.222686575490813e-62
 5.440413982215551e-59,-2.129299376799024e-61
 2.197735824429068e-58,-8.664858288964814e-61
 8.860627652482886e-58,-3.519293207020476e-60
 3.565213926324089e-57,-1.426611313225208e-59
 1.431611384645259e-56,-5.771633814060441e-59
 5.736792501356331e-56,-2.330349799787708e-58
 2.294052019232402e-55,-9.389851515221867e-58
 9.154040470641851e-55,-3.775698217652951e-57
 3.644876427036356e-54,-1.515033013729875e-56
 1.448097493659048e-53,-6.066220007277421e-56
 5.740398245186538e-53,-2.423650816829532e-55
 2.270383876044124e-52,-9.661887608270103e-55
 8.958865735894152e-52,-3.843065249697694e-54
 3.526843733609466e-51,-1.525108614000370e-53
 1.385100921819587e-50,-6.038290381459074e-53
 5.426511594197389e-50,-2.385063480574236e-52
 2.120732082257159e-49,-9.398113467565805e-52
 8.267187482703109e-49,-3.694177936832132e-51
 3.214528870282442e-48,-1.448479727101629e-50
 1.246650095860938e-47,-5.665067762372693e-50
 4.821910208023949e-47,-2.209916876531993e-49
 1.860030245288300e-46,-8.598138337351849e-49
 7.155264681645575e-46,-3.336334071454849e-48
 2.744821325201334e-45,-1.291069466206636e-47
 1.049934923096584e-44,-4.982214509232375e-47
 4.004490011120190e-44,-1.917189708141600e-46
 1.522805772899477e-43,-7.356209277560595e-46
 5.773371750676894e-43,-2.814266146542369e-45
 2.182110607232283e-42,-1.073429272482546e-44
 8.221669194395394e-42,-4.081814053930526e-44
 3.087821806301552e-41,-1.547312678178383e-43
 1.155914300204119e-40,-5.846834620627607e-43
 4.312722932070510e-40,-2.202182656309190e-42
 1.603616280143777e-39,-8.266977360361290e-42
 5.942126332672200e-39,-3.092938049508525e-41
 2.194039429687817e-38,-1.153177075237721e-40
 8.071898719387997e-38,-4.284393491942178e-40
 2.958709189014611e-37,-1.586056013094538e-39
 1.080412627336271e-36,-5.849916859735429e-39
 3.930087188094880e-36,-2.149551945789572e-38
 1.423977332947403e-35,-7.868232584789938e-38
 5.138712160033365e-35,-2.868799077765755e-37
 1.846785761559579e-34,-1.041785275597099e-36
 6.609203116641059e-34,-3.767658683414213e-36
 2.355103402453945e-33,-1.356871991475105e-35
 8.355176663598828e-33,-4.865611989523316e-35
 2.950808404358328e-32,-1.737093127834154e-34
 1.037335965461015e-31,-6.173762785223657e-34
 3.629464509480681e-31,-2.184089780485322e-33
 1.263747308395996e-30,-7.690162217977920e-33
 4.378451310780914e-30,-2.694597470906588e-32
 1.509278788311852e-29,-9.394910853993825e-32
 5.175485530105107e-29,-3.258942932807831e-31
 1.765254334166828e-28,-1.124576484091282e-30
 5.987942734639984e-28,-3.859845916503186e-30
 2.019758187183629e-27,-1.317522013049009e-29
 6.773407672791848e-27,-4.471862638361255e-29
 2.258048254377328e-26,-1.509019270790947e-28
 7.481809757219128e-26,-5.061825778090359e-28
 2.463507397342353e-25,-1.687536083947419e-27
 8.059313743456071e-25,-5.590577935667725e-27
 2.619142710080067e-24,-1.840090273848951e-26
 8.453832017224229e-24,-6.016139464115396e-26
 2.709531316359112e-23,-1.953470638726293e-25
 8.621636292706483e-23,-6.298194962072697e-25
 2.722982768936861e-22,-2.015818345541914e-24
 8.534146084807444e-22,-6.403453218284562e-24
 2.653572006289552e-21,-2.018373113150725e-23
 8.183667528503483e-21,-6.311097242295455e-23
 2.502630630509426e-20,-1.957091168298680e-22
 7.586770694524159e-20,-6.017289787084461e-22
 2.279304342268656e-19,-1.833789085915190e-21
 6.784223543661129e-19,-5.537642277862022e-21
 1.999912088831920e-18,-1.656490929476916e-20
 5.836973126039679e-18,-4.906774546082965e-20
 1.686070594851012e-17,-1.438773236764367e-19
 4.818500259698485e-17,-4.174607535434289e-19
 1.361832908577598e-16,-1.198104626761923e-18
 3.804780016038743e-16,-3.399762309639685e-18
 1.050356076311834e-15,-9.534225859139706e-18
 2.863788796621817e-15,-2.641206345019966e-17
 7.707735153482506e-15,-7.224101738953597e-17
 2.046749287959448e-14,-1.949850258165666e-16
 5.359335585969044e-14,-5.190525575675099e-16
 1.382950127045969e-13,-1.361931110950817e-15
 3.514594843171147e-13,-3.520113245607236e-15
 8.790684922081140e-13,-8.956145466090178e-15
 2.162391351460601e-12,-2.241473549819485e-14
 5.227252779321186e-12,-5.513873231915504e-14
 1.240737152209969e-11,-1.332075716774199e-13
 2.889124250948824e-11,-3.157631939323861e-13
 6.593512734171376e-11,-7.337304267950639e-13
 1.473274677897136e-10,-1.669565158519512e-12
 3.219463643075036e-10,-3.715997373692854e-12
 6.872167509772382e-10,-8.080272422919598e-12
 1.431028539213079e-09,-1.714289426963737e-11
 2.902903533074202e-09,-3.543473851454624e-11
 5.727667854815030e-09,-7.125006018981491e-11
 1.097373075019017e-08,-1.391278074289779e-10
 2.037811179348643e-08,-2.633341126514241e-10
 3.660424006272593e-08,-4.821447677727221e-10
 6.345907540472847e-08,-8.520163747389900e-10
 1.059225414346411e-07,-1.449570875964250e-09
 1.697613652927447e-07,-2.367860640208821e-09
 2.604580895792442e-07,-3.702269693489044e-09
 3.812651743262458e-07,-5.521925074868339e-09
 5.304853308864562e-07,-7.826350562853550e-09
 6.986166128221158e-07,-1.049544223514264e-08
 8.666548286998824e-07,-1.325242343304274e-08
 1.007242415879085e-06,-1.566869804477154e-08
 1.089942714434476e-06,-1.723684277102815e-08
 1.090312868889145e-06,-1.751455458080804e-08
 9.999578585976607e-07,-1.629988373733093e-08
 8.327234106402630e-07,-1.375714353908534e-08
 6.225475920210613e-07,-1.040848859481274e-08
 4.122250670766383e-07,-6.962643987443795e-09
 2.378752217902059e-07,-4.050436586827629e-09
 1.172922309762134e-07,-2.008378811313571e-09
 4.823588902658734e-08,-8.280729209337496e-10
 1.605059359920873e-08,-2.752651584886157e-10
 4.157877716368853e-09,-7.092766150251577e-11
 7.974599245124414e-10,-1.346044211192539e-11
 1.059021986056032e-10,-1.757401528120516e-12
 8.879767776423525e-12,-1.437174548094881e-13
 4.119776071818182e-13,-6.437301119255108e-15
 8.671901214923048e-15,-1.290814523330255e-16
 6.020617007329312e-17,-8.381723204925849e-19
 7.860368832814983e-20,-9.961690838009341e-22
 6.178849284067709e-24,-6.818535040300339e-26
 1.540948468005166e-30,-1.354363468257523e-32
 1.449321165858765e-45,-7.546110979307344e-48
 1.690444309521595e-12,-1.273589111329316e-12
 4.677715022565629e-12,-1.893211566967998e-12
 9.480310329821534e-12,-1.308782659250211e-12
 1.649833835902356e-11,1.550022737447010e-12
 2.549043088405164e-11,8.059669416114956e-12
 3.569166378332663e-11,1.949224538601366e-11
 4.632131024201652e-11,3.678144754398693e-11
 6.365525024272530e-11,6.047740920253281e-11
 1.667408703875542e-10,9.174554436863664e-11
 8.602512831840812e-10,1.383610300010286e-10
 4.217519517428150e-09,2.345117167406869e-10
 1.610146613961496e-08,4.792501067028519e-10
 4.827244078089745e-08,1.071717780941210e-09
 1.173096039974386e-07,2.288311226665466e-09
 2.378698295236030e-07,4.360756289714575e-09
 4.121950365948610e-07,7.295308842689233e-09
 6.224929998131234e-07,1.075394526270463e-08
 8.326462737612276e-07,1.410512458109250e-08
 9.998618845381365e-07,1.664026583501944e-08
 1.090203008631337e-06,1.783816463947768e-08
 1.089824594535855e-06,1.753611153409007e-08
 1.007121740453282e-06,1.593809094715425e-08
 8.665368386444000e-07,1.348861843063322e-08
 6.985056700684607e-07,1.069726527772081e-08
 5.303846658792430e-07,7.994513050162199e-09
 3.811768029626994e-07,5.658628602207435e-09
 2.603828783921476e-07,3.810749843318941e-09
 1.696992053808212e-07,2.451935116232650e-09
 1.058725841922473e-07,1.513241864795203e-09
 6.341998540320106e-08,8.991575347883941e-10
 3.657442959718383e-08,5.162841605907773e-10
 2.035593407038919e-08,2.875289020585751e-10
 1.095762122384633e-08,1.559162411168948e-10
 5.716233554395838e-09,8.266124142547229e-11
 2.894967240502983e-09,4.303609442280725e-11
 1.425638281330033e-09,2.210765618853091e-11
 6.836318392223653e-10,1.126126214117206e-11
 3.196100495348731e-10,5.716373599119924e-12
 1.458340877205485e-10,2.905126485543063e-12
 6.499714651872309e-11,1.484479194788944e-12
 2.830930992995883e-11,7.665984689566941e-13
 1.204470734789537e-11,4.049183324643280e-13
 4.988409276351653e-12,2.274835457700528e-13
 1.975701966819416e-12,1.511896870546927e-13
 6.818473470399506e-13,1.387307679299879e-13
 7.716987689093737e-14,1.772894293517384e-13
 -2.946210922092916e-13,2.678272084473325e-13
 -6.436849932549376e-13,4.191721266352403e-13
 -1.077208269661613e-12,6.439481928787613e-13
 -1.658314611126976e-12,9.549525044868772e-13
 -2.426981091221877e-12,1.361513605969149e-12
 -3.404277583933458e-12,1.865960451619686e-12
 -4.590113796486513e-12,2.460693970090062e-12
 -5.959820122876400e-12,3.126490848987289e-12
 -7.462620650807701e-12,3.832576848454940e-12
 -9.023677701615736e-12,4.538714575218859e-12
 -1.055022579171913e-11,5.199138331919719e-12
 -1.194123076782340e-11,5.767752836829688e-12
 -1.309911682719187e-11,6.203712645716265e-12
 -1.394157233607209e-11,6.476400006760749e-12
 -1.441138848403869e-11,6.568945563316223e-12
 -1.448269726957048e-11,6.479748907023579e-12
 -1.416272949634710e-11,6.221866456956311e-12
 -1.348910262586402e-11,5.820536617960931e-12
 -1.252345215614149e-11,5.309415004552999e-12
 -1.134276705195446e-11,4.726241492734618e-12
 -1.002999569192560e-11,4.108647649666503e-12
 -8.665364886481026e-12,3.490669083379569e-12
 -7.319486275409909e-12,2.900307665225482e-12
 -6.048835258887964e-12,2.358253625648063e-12
 -4.893700502670163e-12,1.877676777848931e-12
 -3.878310475244282e-12,1.464859552472321e-12
 -3.012597351924207e-12,1.120380861564472e-12
 -2.294964805730494e-12,8.405605639923999e-13
 -1.715459175024796e-12,6.189207012637665e-13
 -1.258860476452726e-12,4.474898258859035e-13
 -9.073650436677903e-13,3.178512238596299e-13
 -6.426869840489300e-13,2.219008164288244e-13
 -4.475355824774341e-13,1.523286333252171e-13
 -3.065179988275216e-13,1.028671993332423e-13
 -2.065698060823334e-13,6.836308094827928e-14
 -1.370359792483278e-13,4.472834742009917e-14
 -8.952113571993761e-14,2.882144434578691e-14
 -5.760980123271879e-14,1.829604946655656e-14
 -3.653340110809467e-14,1.144492193644810e-14
 -2.283640627048584e-14,7.055464674865965e-15
 -1.407308209166247e-14,4.285602824653362e-15
 -8.550119845294662e-15,2.562830609884092e-15
 -5.119226373936832e-15,1.505648453833552e-15
 -3.016858934870894e-15,8.646531769907590e-16
 -1.744729071849669e-15,4.797671120170203e-16
 -9.834396886677574e-16,2.500622526080522e-16
 -5.317819238966234e-16,1.130144067651180e-16
 -2.651312177649964e-16,3.057322527800358e-17
 -1.075851336888506e-16,-1.999088727454423e-17
 -1.369783165629235e-17,-5.198281720670632e-17
 4.326017951441378e-17,-7.301244421555300e-17
 7.871151186876874e-17,-8.731539177500329e-17
 1.013697309092259e-16,-9.717556024341608e-17
 1.160479379210305e-16,-1.037848266749373e-16
 1.253488416685925e-16,-1.077549154668358e-16
 1.306662795314045e-16,-1.094163775088216e-16
 1.327681351671779e-16,-1.089879145757495e-16
 1.321271454096916e-16,-1.066668248546664e-16
 1.291008929519302e-16,-1.026714901205421e-16
 1.240221513396185e-16,-9.725494477602145e-17
 1.172365430384560e-16,-9.070154876942185e-17
 1.091100745020959e-16,-8.331461548831135e-17
 1.000205710683063e-16,-7.540027351605608e-17
 9.034188461549439e-17,-6.725113473589059e-17
 8.042651371473529e-17,-5.913210140420449e-17
 7.059012055118812e-17,-5.126967659023565e-17
 6.109990223537058e-17,-4.384536619040596e-17
 5.216765342128253e-17,-3.699315346800956e-17
 4.394753906781955e-17,-3.080058543161720e-17
 3.653803185118417e-17,-2.531273065262633e-17
 2.998712692092544e-17,-2.053813743746345e-17
 2.429979604016788e-17,-1.645591616301479e-17
 1.944664645310075e-17,-1.302315900170995e-17
 1.537286506288595e-17,-1.018206018075091e-17
 1.200671281904472e-17,-7.866277899613374e-18
 9.267048414629385e-18,-6.006257917500799e-18
 7.069572484892428e-18,-4.533398636548734e-18
 5.331670605326914e-18,-3.383066111225646e-18
 3.975882023878723e-18,-2.496559778149445e-18
 2.932126164147970e-18,-1.822186491420874e-18
 2.138881960513787e-18,-1.315626220268361e-18
 1.543541915587181e-18,-9.397742401163666e-19
 1.102161591540013e-18,-6.642291530725172e-19
 7.788048055455879e-19,-4.645705084376971e-19
 5.446532151687900e-19,-3.215399195707118e-19
 3.770129325124013e-19,-2.202096880045285e-19
 2.583152203302888e-19,-1.491959219770837e-19
 1.751764519145639e-19,-9.995054758997185e-20
 1.175560752694126e-19,-6.614900357927319e-20
 7.803085745826750e-20,-4.317766287757621e-20
 5.118898065193705e-20,-2.771652099814924e-20
 3.313784101924237e-20,-1.740765502507282e-20
 2.111372803948876e-20,-1.059754355809158e-20
 1.317892384273703e-20,-6.140755177209254e-21
 7.991239347167732e-21,-3.253127899734531e-21
 4.631834405464917e-21,-1.403840308206015e-21
 2.478754958566796e-21,-2.373518499332254e-22
 1.115524776571739e-21,4.821847206885593e-22
 2.660773924754370e-22,9.099221859670819e-22
 -2.508936889563312e-22,1.147283646653821e-21
 -5.535113869827962e-22,1.260340935886219e-21
 -7.182578905492176e-22,1.292163093583982e-21
 -7.944753863033985e-22,1.270992011983108e-21
 -8.139941116733569e-22,1.215576085193506e-21
 -7.974405803614027e-22,1.138596873721185e-21
 -7.583134413369929e-22,1.048836351738998e-21
 -7.055814877315572e-22,9.525285210881317e-22
 -6.453182128807762e-22,8.541907831589494e-22
 -5.817177523336738e-22,7.571333620746021e-22
 -5.177211917777161e-22,6.637736850667962e-22
 -4.554020007569900e-22,5.758362639483001e-22
 -3.962061388858747e-22,4.944875192011634e-22
 -3.411065436256314e-22,4.204370050626220e-22
 -2.907076596604585e-22,3.540182138929364e-22
 -2.453229909176044e-22,2.952603528515493e-22
 -2.050353712084029e-22,2.439528583779618e-22
 -1.697486786721398e-22,1.997045203321686e-22
 -1.392319856812163e-22,1.619971758991468e-22
 -1.131586918982388e-22,1.302316714284883e-22
 -9.114019212982882e-23,1.037685590598566e-22
 -7.275419923462207e-23,8.196022120389416e-23
 -5.756815182226309e-23,6.417629937090019e-23
 -4.515779977858871e-23,4.982235544951284e-23
 -3.512008866250209e-23,3.835257164720298e-23
 -2.708286859570195e-23,2.927693020853370e-23
 -2.071073595731742e-23,2.216417726006198e-23
 -1.570707759773393e-23,1.664196246606181e-23
 -1.181521196964641e-23,1.239415794819920e-23
 -8.815877094282838e-24,9.155915514472787e-24
 -6.525125438349418e-24,6.708935315935739e-24
 -4.791206219749788e-24,4.876249165871797e-24
 -3.490480735717115e-24,3.515189985665652e-24
 -2.522641467913844e-24,2.513030469780158e-24
 -1.808809304870859e-24,1.781008819233387e-24
 -1.286697481002616e-24,1.250909169223943e-24
 -9.078910320889165e-25,8.698983620057506e-25
 -6.352394675441406e-25,5.984502438250784e-25
 -4.404820075667331e-25,4.066519442547070e-25
 -3.026258510153368e-25,2.721658835292796e-25
 -2.057015580023066e-25,1.787271652274093e-25
 -1.381905119856853e-25,1.142805635854561e-25
 -9.140430691281618e-26,7.049065916439014e-26
 -5.944474551004601e-26,4.094870289389330e-26
 -3.769772696833617e-26,2.133949350121780e-26
 -2.305407609770627e-26,8.634253880411583e-27
 -1.332066888238951e-26,5.191900833281772e-28
 -6.959208750233056e-27,-4.383862713075227e-27
 -2.886891970870382e-27,-7.172639486826778e-27
 -3.119760718701164e-28,-8.568585103436922e-27
 1.225017998416324e-27,-9.051655464635163e-27
 2.081746504147847e-27,-8.958439865245305e-27
 2.492230111412798e-27,-8.508550946352215e-27
 2.618973102244231e-27,-7.856666019038247e-27
 2.599241873066465e-27,-7.117180461504546e-27
 2.447241326161136e-27,-6.317769592899477e-27
 2.237139403697244e-27,-5.552602905894426e-27
 2.016912735334216e-27,-4.833786683523760e-27
 1.787334519334098e-27,-4.135795645332765e-27
 1.550716620858353e-27,-3.522044732845983e-27
 1.331675506075160e-27,-2.972962647576185e-27
 1.140042611228210e-27,-2.493516064220575e-27
 9.798564191748096e-28,-2.073318103787275e-27
 8.002134554793445e-28,-1.689214264733426e-27
 6.671164241121326e-28,-1.393244256911634e-27
 5.314579809702068e-28,-1.102202726722627e-27
 4.623786723613016e-28,-8.836918783358128e-28
 3.589332944031242e-28,-7.384766684843279e-28
 2.885534720322126e-28,-5.373768130187748e-28
 2.025500927748381e-28,-3.667509378193537e-28
 2.073663735232416e-28,-2.953458905376109e-28
 1.098423842329385e-28,-2.372028477879985e-28
 1.680316862462633e-28,-1.723364041191385e-28
 4.596734204394374e-29,-1.240927344254162e-29
 4.914249565336775e-29,3.894311154746411e-29
 7.149327598332991e-29,3.914452282288005e-29
 7.650929735800254e-30,6.070910920452470e-29
 6.928984105966381e-29,1.056448662033665e-28
 -3.437766385432068e-30,2.901776629802526e-29
 5.728130175937696e-29,-8.372541964769506e-30
 2.257580028801892e-29,1.061208680636785e-28
 1.578895769716147e-29,2.686462957445740e-29
 4.484113725807716e-29,-2.636785342953829e-30
 1.451663629473622e-29,1.040629099099444e-28
 4.019847885842002e-30,3.792860090108373e-29
 2.954684328847787e-30,4.276374108460151e-29
 -1.826236549692193e-29,3.303547735938745e-29
 4.204172029294058e-30,4.445393333982770e-30
 -7.154521481121510e-30,5.418007623831732e-30
 -1.735794042470481e-29,8.793685546718416e-30
 -4.541928827794590e-30,1.029876011562819e-29
 1.137677213278336e-29,-1.364828033291208e-29
 -1.486020878313652e-29,1.688173708380380e-30
 -5.375437999056056e-30,5.851320419722368e-30
 -1.318477643302780e-30,-3.923089703356444e-30
 3.506709366575985e-30,3.886196492529375e-30
 -9.328113201069605e-30,-1.344889321327551e-29
 -1.187886553530603e-29,7.152407382446714e-30
 3.913429767698435e-30,-5.103577809909895e-30
 -4.067024066090414e-30,-2.333750766296195e-30
 -3.180244712838086e-30,-7.826035188197339e-31
 6.079214814612814e-30,-6.955602918820778e-30
 7.102913638614133e-30,-8.660801046661601e-30
 -4.643883862598917e-30,-1.841553486478878e-30
 4.766748382897054e-30,-7.835156928772177e-30
 1.118659108001228e-29,-3.692552762457209e-30
 -1.222875267323452e-31,-2.023066854175229e-29
 1.319436381745683e-29,-2.043372538531723e-29
 8.000353621002062e-30,-2.260027964217290e-29
 2.509484218581094e-29,-9.962931744311959e-30
 3.077979251770013e-29,-2.388353441699352e-29
 1.798212567541179e-29,-3.279786968039690e-29
 1.438460519453070e-29,4.732678588523187e-30
 2.061795639927392e-29,-3.362805584874129e-29
 2.321086140175891e-29,-1.319795833746205e-29
 1.831362567524323e-29,8.095935074018232e-30
 2.960917594290921e-29,-1.967872735177119e-29
 2.428933549855292e-29,-1.786306594715704e-29
 -1.033659808065537e-29,1.289909500608820e-29
 -1.213401211224047e-29,-1.642342613270252e-29
 7.676042350817943e-30,-8.561673195297789e-30
 2.232571826103163e-30,6.439915137188607e-30
 9.345086768010492e-30,-8.615218069434662e-30
 -5.095359656516894e-30,5.042339997171439e-30
 -1.651735202694906e-29,2.557445515595431e-30
 -1.128961542524207e-30,-1.414183762604360e-31
 -1.535708161355171e-29,6.295420305830517e-30
 3.499870120354050e-30,-3.730203772488729e-30
 8.080950147630487e-30,-7.919657964271517e-30
 -9.369726261809460e-30,-7.426521266709148e-30
 -1.104248861574409e-30,-4.153540267929526e-30
 9.023867867741544e-30,-2.158522459066483e-30
 -6.785353835776741e-31,-5.158198487429173e-30
 -6.886073487788509e-32,-1.658344787273788e-30
 -4.066157977894057e-30,-2.482052780338131e-30
 4.069958487920180e-30,-2.697001642718061e-30
 3.159407178905631e-30,-1.373660437433651e-29
 -1.087143407222346e-29,-7.684841801928210e-31
 3.913882026523085e-30,-9.900422986105437e-30
 6.287627830075162e-30,-3.983834849944488e-30
 6.016979486971076e-30,-1.132288307309881e-29
 9.315217038764200e-30,-1.101593330083673e-29
 1.062944820841160e-30,-5.411636357317478e-30
 4.115047619683605e-32,-9.756352926912308e-30
 7.901567146473421e-30,-1.205942876923675e-29
 9.087886458622699e-30,-9.479535493005119e-30
 -1.266499011793482e-30,-1.637961118327681e-29
 9.597193045369114e-30,-1.594513901936242e-29
 1.205935425763106e-29,-2.925095832754294e-29
 2.395085996230670e-29,-2.588113179326021e-29
 1.481313007743222e-29,-1.758364438988207e-29
 2.699946025180366e-29,-2.434980585094012e-29
 3.114952035088969e-29,-2.825533979279104e-29
 2.395334273119656e-29,-3.064117993215091e-29
 1.570675255489638e-29,-2.415630847139155e-29
 2.585983524012779e-29,-2.808614258882945e-29
 2.885453978175263e-29,-2.900590138913495e-29
 1.884459539437735e-29,-3.023792271323780e-29
 7.906683644296993e-30,-1.951523107907975e-29
 2.073201383840716e-29,-2.719514058311678e-29
 3.323207624475480e-29,-1.238938706001513e-29
 1.274232927191336e-29,-1.105586317384100e-29
 9.462464772013061e-30,-4.895235542410706e-30
 7.214326254524546e-30,-9.640280125971824e-30
 1.684868436895937e-29,-6.667757035442268e-30
 8.915118885396555e-30,-2.353542071534236e-30
 -3.372138178944747e-30,-4.397110087937514e-30
 7.283350889254070e-30,-9.235334118220353e-30
 1.484916896520466e-29,-5.550927948351461e-30
 1.901431092289532e-30,-6.594847507714866e-30
 -6.457429641097870e-31,-5.748730497965391e-30
 2.897639959350100e-30,6.774177849265375e-30
 1.543423410790006e-29,-4.188803145487427e-30
 1.858972387580314e-30,-3.581032998026220e-30
 -5.017743630940636e-30,7.627697865516110e-31
 1.759008488495412e-30,-1.854157954531092e-30
 1.161136785326054e-29,-2.714918593123731e-30
 -4.503191945942096e-33,-7.015475887497082e-30
 -4.809018547609456e-30,-3.317179299347043e-30
 7.859223917006753e-30,7.012939970159761e-31
 1.195859572027799e-29,-9.598013167443037e-30
 3.309777740518791e-30,-9.019051319796484e-30
 -8.201397082460171e-30,6.329553460441021e-30
 -5.791561969413649e-31,-4.167438871298914e-30
 8.293798780887823e-30,-1.758104698458689e-29
 3.182739071983567e-30,2.241054509256339e-30
 -1.141507940899198e-29,-6.804966496086101e-30
 1.282284531528107e-30,-5.973164129446051e-31
 4.416597368354028e-30,-1.293493779229636e-29
 1.713879495066975e-29,-4.988346412981080e-30
 -9.661521519401214e-30,1.141729446206098e-29
 9.916260062690506e-30,-2.994514999040881e-30
 1.322976455743851e-29,-1.830376806256310e-30
 1.827145167357300e-29,-1.139786574493651e-29
 -4.339224750747459e-30,-1.815262598251071e-29
 1.587382973137181e-29,-8.969152312534086e-30
 1.550034196937088e-29,-1.641112150469152e-29
 7.249439044483925e-30,-1.706021208962036e-29
 1.187678500007134e-31,-1.285141649107850e-29
 5.890620646943470e-30,-1.506264186292950e-29
 2.112123413962001e-29,-9.130736806630834e-30
 6.492831763267900e-30,-1.166477117675351e-29
 5.602252051522474e-31,-2.292949397362928e-30
 3.583632227847319e-30,-4.820718987725584e-30
 1.396581063911791e-29,-6.305965303023970e-30
 2.071526011017452e-30,-6.935445909828872e-32
 -5.126402217482081e-30,-5.164662720259001e-31
 2.781650263986487e-30,-3.363545009246164e-30
 1.008199268989418e-29,-2.722707785281952e-30
 1.271306581874358e-30,4.051637778602141e-31
 -6.573290907180509e-30,3.778673225289979e-31
 -1.397972307228525e-30,4.567955237658249e-30
 1.476705930510007e-29,-1.731397878920983e-30
 -1.011337532008612e-30,-2.003065288158421e-30
 -7.794385470815017e-30,3.124173146168501e-30
 -1.500651393607516e-30,7.088782387810741e-31
 1.002866334903807e-29,4.503844734756959e-31
 3.026736808606691e-30,-6.228100968227253e-30
 -8.374392008960227e-30,4.640005350209785e-31
 9.901403579171308e-30,1.268372452417955e-30
 1.000969881683478e-29,-6.829534449715638e-30
 7.490219585742420e-31,-1.145270662055431e-29
 4.697687360568213e-30,-1.825323197373330e-30
 -1.057310089304182e-30,2.472021060045092e-30
 3.185733293511935e-30,4.005031253811155e-30
 1.148819568918835e-30,-3.488749518828251e-30
 -3.067723540111685e-29,-6.844261597897125e-30
 -3.768260212054711e-30,8.067091384698474e-30
 5.395529935951415e-31,-1.654060685258538e-29
 -2.292046069737523e-29,-3.047912341401351e-29
 -9.052293002246813e-30,4.235140834992614e-29
 6.373637380420141e-30,6.249340273133330e-30
 3.610243438630027e-29,-2.061046805226830e-29
 6.481665612175980e-30,2.762870935555440e-29
 6.863944766231614e-30,-1.331115241445457e-29
 1.674974134568057e-29,1.104542394481907e-30
 1.229852059802165e-29,-2.536522921214667e-29
 -5.706351553221132e-32,5.153751488069680e-31
 1.057317341189209e-29,6.213057399614431e-30
 1.191798852515192e-29,-4.612042601858032e-30
 -4.002089013871214e-30,7.923445859424223e-30
 9.400819467249217e-30,3.825028216654058e-30
 -6.713647394456834e-30,5.946693992857994e-30
 7.575743849897661e-30,-1.048320182909857e-30
 7.121753171979787e-30,-1.685613985431857e-30
 2.393684842308942e-30,4.250483095016479e-30
 -4.757781864938457e-30,-2.166577730904567e-31
 4.575093549256119e-31,-6.456176957398510e-31
 7.215854415722969e-30,-2.155018550436298e-30
 -9.290087445985389e-33,4.674055715919110e-31
 -7.176729477108812e-30,2.690332983692372e-30
 9.485999928768122e-31,-1.303644747518014e-31
 6.769943350587217e-30,-1.930985139553565e-30
 -1.564795325265590e-30,-6.190969940876960e-31
 -5.557272701782301e-30,1.491380949068900e-30
 -5.069987716465182e-31,1.140775906876496e-30
 5.719365630701407e-30,-2.470754946831839e-30
 3.659729999854499e-31,-1.811989467065564e-30
 -6.583844538956763e-30,2.356416905793844e-30
 -9.756491356953694e-31,-9.682548057047902e-31
 6.688830257133909e-30,-2.559624322171955e-30
 7.512908089780482e-31,-2.735782939221573e-30
 -2.023058073862937e-30,-6.582457131237462e-32
 4.538334423609351e-31,7.465199214207706e-31
 3.240652405788589e-30,-5.158883577992711e-30
 5.965314924582481e-31,-7.263107307043452e-30
 -4.406147927593074e-30,-1.478908471934020e-29
 1.241942963085460e-29,-6.736317089480825e-30
 7.540058145189278e-30,-1.520524518479426e-29
 4.211706865669892e-30,-2.299869019163157e-29
 1.745928432556382e-29,7.435853999066390e-30
 -6.625791645553417e-30,-2.659778991328902e-29
 2.173030034865286e-29,2.254575300792144e-30
 6.631272756250681e-30,-4.427490570295910e-30
 -9.087045533491935e-30,-2.372049473009142e-29
 1.622112305159689e-29,1.528777926499286e-29
 3.122753140409448e-30,6.340737728852530e-30
 -2.966839592153774e-29,9.603015760405278e-30
 -1.382427300616086e-30,-7.458164701175079e-30
 1.944879896914071e-29,-1.397885121227575e-29
 6.260444614907387e-30,-1.240429528640502e-29
 -8.687861680317964e-30,-9.854621215046873e-30
 4.186840161326780e-30,-1.135570458896859e-30
 -6.906914703608222e-30,-1.436522459950615e-31
 3.311158795064775e-30,7.280960688274095e-30
 -1.241515608793699e-29,-3.094414569652148e-30
 -1.236741865908251e-29,1.056823964984672e-30
 -3.995050145261998e-30,2.970728562612339e-30
 -1.046730286273352e-30,-2.504661077682570e-30
 -3.374839494929445e-30,-1.272150252167336e-30
 -4.486089197420285e-30,1.716737415227758e-30
 2.922810070514454e-30,-8.908815463020156e-31
 2.082858422957747e-31,-2.214289257378127e-30
 -1.095404420038588e-30,3.412797305663634e-31
 -1.628127614487307e-30,-5.459937497303539e-32
 5.205505365460249e-31,7.630740513260719e-31
 2.484205769876067e-30,-4.409190316112807e-30
 -2.830580219910174e-30,-4.302890496826068e-31
 -3.024254190588728e-31,-1.482591798377432e-31
 -2.322080483924812e-31,-1.011143159173540e-30
 1.477318056325430e-30,-1.304809283888676e-30
 1.964517587736577e-30,-1.002185690997988e-30
 9.560214179627635e-31,-9.233419410069762e-31
 -1.132071896720080e-31,-1.154840075886330e-30
 3.840935971085709e-30,-2.679033989552251e-30
 2.160511942104373e-30,-1.257383046177190e-30
 4.322410985671662e-30,-3.224418332505470e-30
 7.041429985084365e-30,-4.749482696178942e-30
 6.966616642083611e-30,-5.211452395573316e-30
 1.164304688434034e-29,-5.025418898772453e-30
 1.048634045969087e-29,-2.751469561755312e-30
 1.354613269329927e-29,-3.825195655640875e-31
 1.700894149222628e-29,-4.432213060879938e-31
 1.092082642416156e-29,-1.428396758869583e-30
 8.061995831224180e-30,-1.151646248574147e-29
 1.023190179057050e-29,-6.646989170076577e-30
 1.239605376333959e-29,-2.223502212079652e-31
 4.684042143882133e-31,-9.994040568843783e-30
 1.051236680698771e-29,-1.616683193642916e-30
 1.429320095226752e-29,2.171618418085191e-30
 1.026552473570451e-29,-1.475752046874485e-30
 9.566345144385402e-30,-7.338353947548503e-30
 3.003045285040859e-30,-3.034314336046287e-30
 2.229243822278543e-30,3.919955520740332e-30
 6.605691361577877e-31,-2.287604755245640e-30
 -6.606136440350541e-31,-2.652872856262217e-34
 -2.573505726138635e-30,1.933599307893188e-31
 2.485389628014879e-30,-7.083918458197353e-31
 1.260155116750499e-30,-8.937956966752578e-32
 5.492230952507062e-31,-3.885299460901175e-30
 1.645463648830045e-30,-1.014256250382937e-30
 1.592705085535487e-30,3.385666099200041e-31
 -1.462196823116680e-30,-9.590482135996990e-31
 5.304382128718022e-31,-5.796837411363938e-31
 1.342011010500137e-30,-1.920082886661084e-30
 1.472911880917960e-30,-8.441982676257241e-32
 4.251063544383397e-31,-2.091982467571183e-30
 -2.203895076470150e-30,-1.885277108087475e-30
 4.926403560989932e-30,-2.138399987154020e-30
 2.335062344501349e-30,1.209903218496152e-31
 4.574802117217118e-31,-1.142628082076508e-30
 3.929223845648350e-30,-1.157453341568002e-30
 4.022039630344236e-30,-1.561393859912724e-30
 1.624811290152562e-30,-2.356251672375039e-30
 8.196723715028969e-31,-1.216980331643161e-30
 3.680367855808037e-30,-8.769697711732576e-31
 5.546778482591724e-30,-4.930571986405216e-30
 4.798930009163875e-30,-2.479076893389968e-30
 4.275381898907476e-30,-4.965904982899119e-30
 1.005394173069591e-29,-2.763656464345428e-30
 9.699605783063533e-30,-2.873516975168373e-30
 1.058734481626074e-29,-1.955916860848569e-30
 8.214090822257698e-30,-1.741103451231192e-30
 1.064952060842840e-29,-4.039047564246936e-30
 1.147002218496189e-29,-4.446838207228221e-30
 1.077598110984540e-29,-3.108385631030201e-30
 7.646007722043261e-30,-2.292568776589083e-30
 9.364720243573445e-30,-4.758240275899700e-30
 9.059304465908291e-30,-4.744590608247081e-30
 9.309606975315995e-30,-3.612506140210873e-30
 5.859348226515445e-30,2.616294773969836e-30
 4.812341029923803e-30,-9.008416359105804e-31
 7.090029464068975e-30,-7.161639954470275e-31
 3.148751395072015e-30,-1.454246086563172e-30
 8.326233187381338e-31,1.749452310807304e-30
 2.390221494558672e-30,7.125222399109822e-31
 4.197323875501858e-30,-2.629135373421901e-30
 3.313348020645220e-30,-1.329686242882178e-30
 1.639192061768656e-31,1.837209628713366e-30
 1.569197442998857e-30,-1.579151222823055e-30
 5.389553850801182e-30,-2.720257779360569e-30
 -5.907110969275105e-31,2.162642826341313e-30
 3.280209324724999e-31,2.307006432821737e-30
 1.160429371749636e-30,-9.719089615259387e-31
 3.018959285882996e-30,-1.695794974136939e-30
 7.643401873752004e-31,1.970114188844347e-32
 -1.322453193910940e-30,2.178943969686342e-30
 1.313753673432914e-30,-1.799681271481538e-30
 3.981865868003309e-30,-1.317728452407114e-30
 2.433370817156877e-30,3.471054035850330e-30
 -8.026821139085294e-31,1.756252420938994e-30
 1.962707202832338e-30,5.217739582947786e-31
 3.259075203300373e-30,9.213583937314936e-31
 -1.272613836178289e-30,2.475270068172441e-30
 1.984429596119875e-32,6.780166187757863e-30
 2.888848133767208e-32,4.846496754703738e-30
 4.785742656230230e-30,-5.798732887223172e-30
 -2.986459463717541e-30,-2.076632772825891e-30
 -3.894045141759457e-31,-2.181793032935206e-30
 -2.117412168128035e-30,-1.109252511191947e-30
 1.514604814608183e-30,-6.595026270527789e-30
 5.783232798183678e-30,-6.974183911812360e-30
 -5.766547135373269e-30,-2.743364615722506e-30
 -2.080975057140609e-30,-5.331198071746157e-30
 2.362923322493602e-30,-8.146254996680961e-30
 -9.147538694289749e-33,-6.034977807815325e-30
 1.540495332654236e-30,-6.638328515404522e-30
 -1.853019208938868e-31,-3.817660199517283e-30
 3.734053291174869e-30,-6.726964965649076e-30
 2.607666020076499e-30,-5.246518188617445e-30
 -9.240632781012484e-31,1.232204414585193e-30
 2.084452543061982e-30,-2.173293111840585e-30
 5.114217339460287e-30,-1.965845864042591e-30
 5.498104260929867e-31,-1.760867296589381e-30
 -1.740749150444847e-31,7.098914238903405e-31
 2.083851216365838e-31,6.599949791265245e-31
 3.056609599999564e-30,-1.996579739382580e-30
 1.180053595675597e-30,-6.305382828293659e-31
 -1.896232094592285e-30,1.626312041174634e-30
 1.057887446772773e-32,3.943068785730080e-31
 2.732832588435992e-30,-1.779135564540041e-30
 -1.586781620673250e-30,9.727898980444879e-31
 -4.296629183577714e-31,2.863367945064053e-30
 6.824116589997675e-33,-8.539935679580357e-31
 2.196004480111107e-30,-1.244294777087120e-30
 -7.967751591373326e-31,2.103024778998074e-31
 -2.048769308065247e-30,2.918461987217190e-30
 2.078939277477481e-30,-5.138671736564549e-31
 1.650033204901834e-30,5.881413808727840e-31
 3.011373289369090e-31,5.245425090595580e-30
 -2.055316507915728e-32,4.497611830524371e-30
 -4.256990686178030e-31,3.982001879653620e-30
 2.048767272838181e-30,8.915739113104280e-30
 -2.728795801333639e-30,1.844437012728464e-30
 -2.094904064290899e-30,-7.648989842647378e-31
 -6.846594181833154e-30,4.128441289121272e-30
 5.294186046365820e-30,-1.295089148779581e-29
 -7.401665610970715e-30,-7.327691469852634e-31
 -1.648798593063318e-29,-2.636608148679872e-30
 -1.014336647446301e-29,-1.248953453034490e-29
 3.729442581080225e-30,-1.107389561298332e-29
 -1.258698887545964e-29,1.572998091835249e-29
 -1.387050761717449e-29,1.472231459341741e-29
 -3.454246832188041e-29,5.362403466159004e-31
 -2.792851358460988e-29,8.055658469602117e-30
 -8.396636979380885e-30,1.547366769767698e-31
 -2.123221526543475e-29,3.406147177573168e-30
 -6.216053967223689e-30,-5.724352161914018e-30
 -2.019167201189645e-29,-9.716899397529722e-31
 -1.294964025126774e-29,-1.295688673869619e-31
 -8.825825228284668e-30,-8.063354995285214e-30
 -6.241045698715869e-30,-3.097286264614895e-30
 -1.700475216033952e-30,-4.461961476828144e-30
 -5.992607705666501e-30,1.428280530306955e-30
 -2.310065585485534e-30,-2.378027744572101e-31
 -2.419485843294098e-30,-8.817250872648799e-32
 1.926739551806840e-30,-1.495513111647594e-30
 -1.291114226323060e-31,-6.396356376789821e-31
 -1.801610004637869e-30,-3.583558460156775e-31
 -3.158336050911307e-31,7.873342858075663e-32
 4.793818053952355e-31,-2.922100152945572e-31
 1.253603518213421e-31,2.792040811795884e-31
 -1.602016087778019e-30,2.702611733779172e-31
 -8.098998491234465e-31,-4.247623604724997e-31
 1.459374061616326e-30,-5.611964591727128e-32
 