-1.883384795827081e+14
 -1.880243203173491e+14
 -1.877101610519901e+14
 -1.873960017866312e+14
 -1.870818425212722e+14
 -1.867676832559132e+14
 -1.864535239905542e+14
 -1.861393647251952e+14
 -1.858252054598362e+14
 -1.855110461944773e+14
 -1.851968869291183e+14
 -1.848827276637593e+14
 -1.845685683984003e+14
 -1.842544091330414e+14
 -1.839402498676824e+14
 -1.836260906023234e+14
 -1.833119313369644e+14
 -1.829977720716054e+14
 -1.826836128062465e+14
 -1.823694535408875e+14
 -1.820552942755285e+14
 -1.817411350101695e+14
 -1.814269757448106e+14
 -1.811128164794516e+14
 -1.807986572140926e+14
 -1.804844979487336e+14
 -1.801703386833746e+14
 -1.798561794180157e+14
 -1.795420201526567e+14
 -1.792278608872977e+14
 -1.789137016219387e+14
 -1.785995423565798e+14
 -1.782853830912208e+14
 -1.779712238258618e+14
 -1.776570645605028e+14
 -1.773429052951438e+14
 -1.770287460297848e+14
 -1.767145867644259e+14
 -1.764004274990669e+14
 -1.760862682337079e+14
 -1.757721089683489e+14
 -1.754579497029899e+14
 -1.751437904376310e+14
 -1.748296311722720e+14
 -1.745154719069130e+14
 -1.742013126415540e+14
 -1.738871533761950e+14
 -1.735729941108361e+14
 -1.732588348454771e+14
 -1.729446755801181e+14
 -1.726305163147591e+14
 -1.723163570494002e+14
 -1.720021977840412e+14
 -1.716880385186822e+14
 -1.713738792533232e+14
 -1.710597199879642e+14
 -1.707455607226052e+14
 -1.704314014572463e+14
 -1.701172421918873e+14
 -1.698030829265283e+14
 -1.694889236611693e+14
 -1.691747643958103e+14
 -1.688606051304514e+14
 -1.685464458650924e+14
 -1.682322865997334e+14
 -1.679181273343744e+14
 -1.676039680690155e+14
 -1.672898088036565e+14
 -1.669756495382975e+14
 -1.666614902729385e+14
 -1.663473310075795e+14
 -1.660331717422206e+14
 -1.657190124768616e+14
 -1.654048532115026e+14
 -1.650906939461436e+14
 -1.647765346807847e+14
 -1.644623754154257e+14
 -1.641482161500667e+14
 -1.638340568847077e+14
 -1.635198976193487e+14
 -1.632057383539898e+14
 -1.628915790886308e+14
 -1.625774198232718e+14
 -1.622632605579128e+14
 -1.619491012925538e+14
 -1.616349420271948e+14
 -1.613207827618359e+14
 -1.610066234964769e+14
 -1.606924642311179e+14
 -1.603783049657589e+14
 -1.600641457004000e+14
 -1.597499864350410e+14
 -1.594358271696820e+14
 -1.591216679043230e+14
 -1.588075086389640e+14
 -1.584933493736051e+14
 -1.581791901082461e+14
 -1.578650308428871e+14
 -1.575508715775281e+14
 -1.572367123121691e+14
 -1.569225530468102e+14
 -1.566083937814512e+14
 -1.562942345160922e+14
 -1.559800752507332e+14
 -1.556659159853742e+14
 -1.553517567200152e+14
 -1.550375974546563e+14
 -1.547234381892973e+14
 -1.544092789239383e+14
 -1.540951196585793e+14
 -1.537809603932204e+14
 -1.534668011278614e+14
 -1.531526418625024e+14
 -1.528384825971434e+14
 -1.525243233317844e+14
 -1.522101640664255e+14
 -1.518960048010665e+14
 -1.515818455357075e+14
 -1.512676862703485e+14
 -1.509535270049896e+14
 -1.506393677396306e+14
 -1.503252084742716e+14
 -1.500110492089126e+14
 -1.496968899435536e+14
 -1.493827306781947e+14
 -1.490685714128357e+14
 -1.487544121474767e+14
 -1.484402528821177e+14
 -1.481260936167588e+14
 -1.478119343513998e+14
 -1.474977750860408e+14
 -1.471836158206818e+14
 -1.468694565553228e+14
 -1.465552972899638e+14
 -1.462411380246049e+14
 -1.459269787592459e+14
 -1.456128194938869e+14
 -1.452986602285279e+14
 -1.449845009631689e+14
 -1.446703416978100e+14
 -1.443561824324510e+14
 -1.440420231670920e+14
 -1.437278639017330e+14
 -1.434137046363741e+14
 -1.430995453710151e+14
 -1.427853861056561e+14
 -1.424712268402971e+14
 -1.421570675749381e+14
 -1.418429083095792e+14
 -1.415287490442202e+14
 -1.412145897788612e+14
 -1.409004305135022e+14
 -1.405862712481432e+14
 -1.402721119827842e+14
 -1.399579527174253e+14
 -1.396437934520663e+14
 -1.393296341867073e+14
 -1.390154749213483e+14
 -1.387013156559894e+14
 -1.383871563906304e+14
 -1.380729971252714e+14
 -1.377588378599124e+14
 -1.374446785945534e+14
 -1.371305193291945e+14
 -1.368163600638355e+14
 -1.365022007984765e+14
 -1.361880415331175e+14
 -1.358738822677585e+14
 -1.355597230023996e+14
 -1.352455637370406e+14
 -1.349314044716816e+14
 -1.346172452063226e+14
 -1.343030859409637e+14
 -1.339889266756047e+14
 -1.336747674102457e+14
 -1.333606081448867e+14
 -1.330464488795277e+14
 -1.327322896141688e+14
 -1.324181303488098e+14
 -1.321039710834508e+14
 -1.317898118180918e+14
 -1.314756525527328e+14
 -1.311614932873739e+14
 -1.308473340220149e+14
 -1.305331747566559e+14
 -1.302190154912969e+14
 -1.299048562259379e+14
 -1.295906969605790e+14
 -1.292765376952200e+14
 -1.289623784298610e+14
 -1.286482191645020e+14
 -1.283340598991430e+14
 -1.280199006337841e+14
 -1.277057413684251e+14
 -1.273915821030661e+14
 -1.270774228377071e+14
 -1.267632635723482e+14
 -1.264491043069892e+14
 -1.261349450416302e+14
 -1.258207857762712e+14
 -1.255066265109122e+14
 -1.251924672455532e+14
 -1.248783079801943e+14
 -1.245641487148353e+14
 -1.242499894494763e+14
 -1.239358301841173e+14
 -1.236216709187584e+14
 -1.233075116533994e+14
 -1.229933523880404e+14
 -1.226791931226814e+14
 -1.223650338573224e+14
 -1.220508745919635e+14
 -1.217367153266045e+14
 -1.214225560612455e+14
 -1.211083967958865e+14
 -1.207942375305275e+14
 -1.204800782651686e+14
 -1.201659189998096e+14
 -1.198517597344506e+14
 -1.195376004690916e+14
 -1.192234412037327e+14
 -1.189092819383737e+14
 -1.185951226730147e+14
 -1.182809634076557e+14
 -1.179668041422967e+14
 -1.176526448769378e+14
 -1.173384856115788e+14
 -1.170243263462198e+14
 -1.167101670808608e+14
 -1.163960078155018e+14
 -1.160818485501429e+14
 -1.157676892847839e+14
 -1.154535300194249e+14
 -1.151393707540659e+14
 -1.148252114887069e+14
 -1.145110522233480e+14
 -1.141968929579890e+14
 -1.138827336926300e+14
 -1.135685744272710e+14
 -1.132544151619120e+14
 -1.129402558965531e+14
 -1.126260966311941e+14
 -1.123119373658351e+14
 -1.119977781004761e+14
 -1.116836188351171e+14
 -1.113694595697582e+14
 -1.110553003043992e+14
 -1.107411410390402e+14
 -1.104269817736812e+14
 -1.101128225083222e+14
 -1.097986632429633e+14
 -1.094845039776043e+14
 -1.091703447122453e+14
 -1.088561854468863e+14
 -1.085420261815273e+14
 -1.082278669161684e+14
 -1.079137076508094e+14
 -1.075995483854504e+14
 -1.072853891200914e+14
 -1.069712298547325e+14
 -1.066570705893735e+14
 -1.063429113240145e+14
 -1.060287520586555e+14
 -1.057145927932965e+14
 -1.054004335279376e+14
 -1.050862742625786e+14
 -1.047721149972196e+14
 -1.044579557318606e+14
 -1.041437964665016e+14
 -1.038296372011427e+14
 -1.035154779357837e+14
 -1.032013186704247e+14
 -1.028871594050657e+14
 -1.025730001397068e+14
 -1.022588408743478e+14
 -1.019446816089888e+14
 -1.016305223436298e+14
 -1.013163630782708e+14
 -1.010022038129118e+14
 -1.006880445475529e+14
 -1.003738852821939e+14
 -1.000597260168349e+14
 -9.974556675147592e+13
 -9.943140748611695e+13
 -9.911724822075797e+13
 -9.880308895539898e+13
 -9.848892969004002e+13
 -9.817477042468103e+13
 -9.786061115932205e+13
 -9.754645189396308e+13
 -9.723229262860409e+13
 -9.691813336324511e+13
 -9.660397409788614e+13
 -9.628981483252716e+13
 -9.597565556716817e+13
 -9.566149630180920e+13
 -9.534733703645022e+13
 -9.503317777109123e+13
 -9.471901850573227e+13
 -9.440485924037328e+13
 -9.409069997501430e+13
 -9.377654070965533e+13
 -9.346238144429634e+13
 -9.314822217893736e+13
 -9.283406291357839e+13
 -9.251990364821941e+13
 -9.220574438286042e+13
 -9.189158511750145e+13
 -9.157742585214247e+13
 -9.126326658678348e+13
 -9.094910732142452e+13
 -9.063494805606553e+13
 -9.032078879070655e+13
 -9.000662952534756e+13
 -8.969247025998859e+13
 -8.937831099462961e+13
 -8.906415172927062e+13
 -8.874999246391166e+13
 -8.843583319855267e+13
 -8.812167393319369e+13
 -8.780751466783472e+13
 -8.749335540247573e+13
 -8.717919613711675e+13
 -8.686503687175778e+13
 -8.655087760639880e+13
 -8.623671834103981e+13
 -8.592255907568084e+13
 -8.560839981032186e+13
 -8.529424054496288e+13
 -8.498008127960391e+13
 -8.466592201424492e+13
 -8.435176274888594e+13
 -8.403760348352697e+13
 -8.372344421816798e+13
 -8.340928495280900e+13
 -8.309512568745003e+13
 -8.278096642209105e+13
 -8.246680715673206e+13
 -8.215264789137309e+13
 -8.183848862601411e+13
 -8.152432936065512e+13
 -8.121017009529616e+13
 -8.089601082993717e+13
 -8.058185156457819e+13
 -8.026769229921922e+13
 -7.995353303386023e+13
 -7.963937376850125e+13
 -7.932521450314228e+13
 -7.901105523778330e+13
 -7.869689597242431e+13
 -7.838273670706533e+13
 -7.806857744170636e+13
 -7.775441817634738e+13
 -7.744025891098839e+13
 -7.712609964562942e+13
 -7.681194038027044e+13
 -7.649778111491145e+13
 -7.618362184955248e+13
 -7.586946258419350e+13
 -7.555530331883452e+13
 -7.524114405347555e+13
 -7.492698478811656e+13
 -7.461282552275758e+13
 -7.429866625739861e+13
 -7.398450699203962e+13
 -7.367034772668064e+13
 -7.335618846132167e+13
 -7.304202919596269e+13
 -7.272786993060370e+13
 -7.241371066524473e+13
 -7.209955139988575e+13
 -7.178539213452677e+13
 -7.147123286916780e+13
 -7.115707360380881e+13
 -7.084291433844983e+13
 -7.052875507309086e+13
 -7.021459580773188e+13
 -6.990043654237289e+13
 -6.958627727701392e+13
 -6.927211801165494e+13
 -6.895795874629595e+13
 -6.864379948093698e+13
 -6.832964021557800e+13
 -6.801548095021902e+13
 -6.770132168486003e+13
 -6.738716241950106e+13
 -6.707300315414208e+13
 -6.675884388878309e+13
 -6.644468462342412e+13
 -6.613052535806514e+13
 -6.581636609270616e+13
 -6.550220682734719e+13
 -6.518804756198820e+13
 -6.487388829662922e+13
 -6.455972903127025e+13
 -6.424556976591127e+13
 -6.393141050055228e+13
 -6.361725123519331e+13
 -6.330309196983433e+13
 -6.298893270447534e+13
 -6.267477343911638e+13
 -6.236061417375739e+13
 -6.204645490839841e+13
 -6.173229564303944e+13
 -6.141813637768045e+13
 -6.110397711232147e+13
 -6.078981784696250e+13
 -6.047565858160352e+13
 -6.016149931624453e+13
 -5.984734005088556e+13
 -5.953318078552658e+13
 -5.921902152016759e+13
 -5.890486225480862e+13
 -5.859070298944964e+13
 -5.827654372409066e+13
 -5.796238445873169e+13
 -5.764822519337270e+13
 -5.733406592801372e+13
 -5.701990666265475e+13
 -5.670574739729577e+13
 -5.639158813193678e+13
 -5.607742886657780e+13
 -5.576326960121883e+13
 -5.544911033585984e+13
 -5.513495107050086e+13
 -5.482079180514189e+13
 -5.450663253978291e+13
 -5.419247327442392e+13
 -5.387831400906495e+13
 -5.356415474370597e+13
 -5.324999547834698e+13
 -5.293583621298802e+13
 -5.262167694762903e+13
 -5.230751768227005e+13
 -5.199335841691108e+13
 -5.167919915155209e+13
 -5.136503988619311e+13
 -5.105088062083414e+13
 -5.073672135547516e+13
 -5.042256209011617e+13
 -5.010840282475720e+13
 -4.979424355939822e+13
 -4.948008429403923e+13
 -4.916592502868027e+13
 -4.885176576332128e+13
 -4.853760649796230e+13
 -4.822344723260333e+13
 -4.790928796724434e+13
 -4.759512870188538e+13
 -4.728096943652638e+13
 -4.696681017116741e+13
 -4.665265090580844e+13
 -4.633849164044944e+13
 -4.602433237509047e+13
 -4.571017310973150e+13
 -4.539601384437250e+13
 -4.508185457901353e+13
 -4.476769531365456e+13
 -4.445353604829556e+13
 -4.413937678293659e+13
 -4.382521751757762e+13
 -4.351105825221862e+13
 -4.319689898685966e+13
 -4.288273972150069e+13
 -4.256858045614169e+13
 -4.225442119078272e+13
 -4.194026192542375e+13
 -4.162610266006475e+13
 -4.131194339470578e+13
 -4.099778412934681e+13
 -4.068362486398781e+13
 -4.036946559862884e+13
 -4.005530633326988e+13
 -3.974114706791088e+13
 -3.942698780255191e+13
 -3.911282853719294e+13
 -3.879866927183394e+13
 -3.848451000647497e+13
 -3.817035074111597e+13
 -3.785619147575700e+13
 -3.754203221039803e+13
 -3.722787294503903e+13
 -3.691371367968006e+13
 -3.659955441432109e+13
 -3.628539514896209e+13
 -3.597123588360312e+13
 -3.565707661824416e+13
 -3.534291735288516e+13
 -3.502875808752619e+13
 -3.471459882216722e+13
 -3.440043955680822e+13
 -3.408628029144925e+13
 -3.377212102609028e+13
 -3.345796176073128e+13
 -3.314380249537231e+13
 -3.282964323001334e+13
 -3.251548396465434e+13
 -3.220132469929538e+13
 -3.188716543393641e+13
 -3.157300616857741e+13
 -3.125884690321844e+13
 -3.094468763785947e+13
 -3.063052837250047e+13
 -3.031636910714150e+13
 -3.000220984178253e+13
 -2.968805057642353e+13
 -2.937389131106456e+13
 -2.905973204570559e+13
 -2.874557278034659e+13
 -2.843141351498762e+13
 -2.811725424962866e+13
 -2.780309498426966e+13
 -2.748893571891069e+13
 -2.717477645355172e+13
 -2.686061718819272e+13
 -2.654645792283375e+13
 -2.623229865747478e+13
 -2.591813939211578e+13
 -2.560398012675681e+13
 -2.528982086139784e+13
 -2.497566159603884e+13
 -2.466150233067988e+13
 -2.434734306532091e+13
 -2.403318379996191e+13
 -2.371902453460294e+13
 -2.340486526924397e+13
 -2.309070600388497e+13
 -2.277654673852600e+13
 -2.246238747316703e+13
 -2.214822820780803e+13
 -2.183406894244906e+13
 -2.151990967709009e+13
 -2.120575041173109e+13
 -2.089159114637212e+13
 -2.057743188101316e+13
 -2.026327261565416e+13
 -1.994911335029519e+13
 -1.963495408493622e+13
 -1.932079481957722e+13
 -1.900663555421825e+13
 -1.869247628885928e+13
 -1.837831702350028e+13
 -1.806415775814131e+13
 -1.774999849278234e+13
 -1.743583922742334e+13
 -1.712167996206438e+13
 -1.680752069670541e+13
 -1.649336143134641e+13
 -1.617920216598744e+13
 -1.586504290062844e+13
 -1.555088363526947e+13
 -1.523672436991050e+13
 -1.492256510455150e+13
 -1.460840583919253e+13
 -1.429424657383356e+13
 -1.398008730847456e+13
 -1.366592804311559e+13
 -1.335176877775662e+13
 -1.303760951239762e+13
 -1.272345024703866e+13
 -1.240929098167969e+13
 -1.209513171632069e+13
 -1.178097245096172e+13
 -1.146681318560275e+13
 -1.115265392024375e+13
 -1.083849465488478e+13
 -1.052433538952581e+13
 -1.021017612416681e+13
 -9.896016858807844e+12
 -9.581857593448875e+12
 -9.267698328089875e+12
 -8.953539062730906e+12
 -8.639379797371938e+12
 -8.325220532012938e+12
 -8.011061266653969e+12
 -7.696902001295000e+12
 -7.382742735936000e+12
 -7.068583470577031e+12
 -6.754424205218062e+12
 -6.440264939859062e+12
 -6.126105674500094e+12
 -5.811946409141125e+12
 -5.497787143782125e+12
 -5.183627878423156e+12
 -4.869468613064188e+12
 -4.555309347705188e+12
 -4.241150082346219e+12
 -3.926990816987250e+12
 -3.612831551628250e+12
 -3.298672286269281e+12
 -2.984513020910312e+12
 -2.670353755551312e+12
 -2.356194490192344e+12
 -2.042035224833375e+12
 -1.727875959474375e+12
 -1.413716694115406e+12
 -1.099557428756438e+12
 -7.853981633974375e+11
 -4.712388980384688e+11
 -1.570796326795000e+11
 1.570796326795000e+11
 4.712388980384688e+11
 7.853981633974375e+11
 1.099557428756438e+12
 1.413716694115406e+12
 1.727875959474375e+12
 2.042035224833375e+12
 2.356194490192344e+12
 2.670353755551312e+12
 2.984513020910312e+12
 3.298672286269281e+12
 3.612831551628250e+12
 3.926990816987250e+12
 4.241150082346219e+12
 4.555309347705188e+12
 4.869468613064188e+12
 5.183627878423156e+12
 5.497787143782125e+12
 5.811946409141125e+12
 6.126105674500094e+12
 6.440264939859062e+12
 6.754424205218062e+12
 7.068583470577031e+12
 7.382742735936031e+12
 7.696902001295000e+12
 8.011061266653969e+12
 8.325220532012969e+12
 8.639379797371938e+12
 8.953539062730906e+12
 9.267698328089906e+12
 9.581857593448875e+12
 9.896016858807844e+12
 1.021017612416684e+13
 1.052433538952581e+13
 1.083849465488478e+13
 1.115265392024378e+13
 1.146681318560275e+13
 1.178097245096172e+13
 1.209513171632072e+13
 1.240929098167969e+13
 1.272345024703866e+13
 1.303760951239766e+13
 1.335176877775662e+13
 1.366592804311559e+13
 1.398008730847459e+13
 1.429424657383356e+13
 1.460840583919253e+13
 1.492256510455153e+13
 1.523672436991050e+13
 1.555088363526947e+13
 1.586504290062847e+13
 1.617920216598744e+13
 1.649336143134641e+13
 1.680752069670541e+13
 1.712167996206438e+13
 1.743583922742334e+13
 1.774999849278234e+13
 1.806415775814131e+13
 1.837831702350028e+13
 1.869247628885928e+13
 1.900663555421825e+13
 1.932079481957722e+13
 1.963495408493622e+13
 1.994911335029519e+13
 2.026327261565416e+13
 2.057743188101316e+13
 2.089159114637212e+13
 2.120575041173109e+13
 2.151990967709009e+13
 2.183406894244906e+13
 2.214822820780803e+13
 2.246238747316703e+13
 2.277654673852600e+13
 2.309070600388497e+13
 2.340486526924397e+13
 2.371902453460294e+13
 2.403318379996191e+13
 2.434734306532091e+13
 2.466150233067988e+13
 2.497566159603884e+13
 2.528982086139784e+13
 2.560398012675681e+13
 2.591813939211578e+13
 2.623229865747478e+13
 2.654645792283375e+13
 2.686061718819272e+13
 2.717477645355172e+13
 2.748893571891069e+13
 2.780309498426966e+13
 2.811725424962866e+13
 2.843141351498762e+13
 2.874557278034659e+13
 2.905973204570559e+13
 2.937389131106456e+13
 2.968805057642353e+13
 3.000220984178253e+13
 3.031636910714150e+13
 3.063052837250050e+13
 3.094468763785947e+13
 3.125884690321844e+13
 3.157300616857744e+13
 3.188716543393641e+13
 3.220132469929538e+13
 3.251548396465438e+13
 3.282964323001334e+13
 3.314380249537231e+13
 3.345796176073131e+13
 3.377212102609028e+13
 3.408628029144925e+13
 3.440043955680825e+13
 3.471459882216722e+13
 3.502875808752619e+13
 3.534291735288519e+13
 3.565707661824416e+13
 3.597123588360312e+13
 3.628539514896212e+13
 3.659955441432109e+13
 3.691371367968006e+13
 3.722787294503906e+13
 3.754203221039803e+13
 3.785619147575700e+13
 3.817035074111600e+13
 3.848451000647497e+13
 3.879866927183394e+13
 3.911282853719294e+13
 3.942698780255191e+13
 3.974114706791088e+13
 4.005530633326988e+13
 4.036946559862884e+13
 4.068362486398781e+13
 4.099778412934681e+13
 4.131194339470578e+13
 4.162610266006475e+13
 4.194026192542375e+13
 4.225442119078272e+13
 4.256858045614169e+13
 4.288273972150069e+13
 4.319689898685966e+13
 4.351105825221862e+13
 4.382521751757762e+13
 4.413937678293659e+13
 4.445353604829556e+13
 4.476769531365456e+13
 4.508185457901353e+13
 4.539601384437250e+13
 4.571017310973150e+13
 4.602433237509047e+13
 4.633849164044944e+13
 4.665265090580844e+13
 4.696681017116741e+13
 4.728096943652638e+13
 4.759512870188538e+13
 4.790928796724434e+13
 4.822344723260331e+13
 4.853760649796231e+13
 4.885176576332128e+13
 4.916592502868025e+13
 4.948008429403925e+13
 4.979424355939822e+13
 5.010840282475719e+13
 5.042256209011619e+13
 5.073672135547516e+13
 5.105088062083412e+13
 5.136503988619312e+13
 5.167919915155209e+13
 5.199335841691106e+13
 5.230751768227006e+13
 5.262167694762903e+13
 5.293583621298803e+13
 5.324999547834700e+13
 5.356415474370597e+13
 5.387831400906497e+13
 5.419247327442394e+13
 5.450663253978291e+13
 5.482079180514191e+13
 5.513495107050088e+13
 5.544911033585984e+13
 5.576326960121884e+13
 5.607742886657781e+13
 5.639158813193678e+13
 5.670574739729578e+13
 5.701990666265475e+13
 5.733406592801372e+13
 5.764822519337272e+13
 5.796238445873169e+13
 5.827654372409066e+13
 5.859070298944966e+13
 5.890486225480862e+13
 5.921902152016759e+13
 5.953318078552659e+13
 5.984734005088556e+13
 6.016149931624453e+13
 6.047565858160353e+13
 6.078981784696250e+13
 6.110397711232147e+13
 6.141813637768047e+13
 6.173229564303944e+13
 6.204645490839841e+13
 6.236061417375741e+13
 6.267477343911638e+13
 6.298893270447534e+13
 6.330309196983434e+13
 6.361725123519331e+13
 6.393141050055228e+13
 6.424556976591128e+13
 6.455972903127025e+13
 6.487388829662922e+13
 6.518804756198822e+13
 6.550220682734719e+13
 6.581636609270616e+13
 6.613052535806516e+13
 6.644468462342412e+13
 6.675884388878309e+13
 6.707300315414209e+13
 6.738716241950106e+13
 6.770132168486003e+13
 6.801548095021903e+13
 6.832964021557800e+13
 6.864379948093697e+13
 6.895795874629597e+13
 6.927211801165494e+13
 6.958627727701391e+13
 6.990043654237291e+13
 7.021459580773188e+13
 7.052875507309084e+13
 7.084291433844984e+13
 7.115707360380881e+13
 7.147123286916778e+13
 7.178539213452678e+13
 7.209955139988575e+13
 7.241371066524472e+13
 7.272786993060372e+13
 7.304202919596269e+13
 7.335618846132166e+13
 7.367034772668066e+13
 7.398450699203962e+13
 7.429866625739859e+13
 7.461282552275759e+13
 7.492698478811656e+13
 7.524114405347553e+13
 7.555530331883453e+13
 7.586946258419350e+13
 7.618362184955250e+13
 7.649778111491147e+13
 7.681194038027044e+13
 7.712609964562944e+13
 7.744025891098841e+13
 7.775441817634738e+13
 7.806857744170638e+13
 7.838273670706534e+13
 7.869689597242431e+13
 7.901105523778331e+13
 7.932521450314228e+13
 7.963937376850125e+13
 7.995353303386025e+13
 8.026769229921922e+13
 8.058185156457819e+13
 8.089601082993719e+13
 8.121017009529616e+13
 8.152432936065512e+13
 8.183848862601412e+13
 8.215264789137309e+13
 8.246680715673206e+13
 8.278096642209106e+13
 8.309512568745003e+13
 8.340928495280900e+13
 8.372344421816800e+13
 8.403760348352697e+13
 8.435176274888594e+13
 8.466592201424494e+13
 8.498008127960391e+13
 8.529424054496288e+13
 8.560839981032188e+13
 8.592255907568084e+13
 8.623671834103981e+13
 8.655087760639881e+13
 8.686503687175778e+13
 8.717919613711675e+13
 8.749335540247575e+13
 8.780751466783472e+13
 8.812167393319369e+13
 8.843583319855269e+13
 8.874999246391166e+13
 8.906415172927062e+13
 8.937831099462962e+13
 8.969247025998859e+13
 9.000662952534756e+13
 9.032078879070656e+13
 9.063494805606553e+13
 9.094910732142450e+13
 9.126326658678350e+13
 9.157742585214247e+13
 9.189158511750144e+13
 9.220574438286044e+13
 9.251990364821941e+13
 9.283406291357838e+13
 9.314822217893734e+13
 9.346238144429634e+13
 9.377654070965534e+13
 9.409069997501428e+13
 9.440485924037328e+13
 9.471901850573228e+13
 9.503317777109122e+13
 9.534733703645022e+13
 9.566149630180922e+13
 9.597565556716816e+13
 9.628981483252716e+13
 9.660397409788616e+13
 9.691813336324509e+13
 9.723229262860409e+13
 9.754645189396309e+13
 9.786061115932203e+13
 9.817477042468103e+13
 9.848892969004003e+13
 9.880308895539897e+13
 9.911724822075797e+13
 9.943140748611697e+13
 9.974556675147591e+13
 1.000597260168349e+14
 1.003738852821939e+14
 1.006880445475528e+14
 1.010022038129118e+14
 1.013163630782708e+14
 1.016305223436298e+14
 1.019446816089888e+14
 1.022588408743478e+14
 1.025730001397067e+14
 1.028871594050657e+14
 1.032013186704247e+14
 1.035154779357837e+14
 1.038296372011427e+14
 1.041437964665017e+14
 1.044579557318606e+14
 1.047721149972196e+14
 1.050862742625786e+14
 1.054004335279375e+14
 1.057145927932965e+14
 1.060287520586555e+14
 1.063429113240145e+14
 1.066570705893735e+14
 1.069712298547325e+14
 1.072853891200914e+14
 1.075995483854504e+14
 1.079137076508094e+14
 1.082278669161683e+14
 1.085420261815273e+14
 1.088561854468863e+14
 1.091703447122453e+14
 1.094845039776043e+14
 1.097986632429633e+14
 1.101128225083222e+14
 1.104269817736812e+14
 1.107411410390402e+14
 1.110553003043992e+14
 1.113694595697582e+14
 1.116836188351172e+14
 1.119977781004762e+14
 1.123119373658351e+14
 1.126260966311941e+14
 1.129402558965531e+14
 1.132544151619120e+14
 1.135685744272710e+14
 1.138827336926300e+14
 1.141968929579890e+14
 1.145110522233480e+14
 1.148252114887070e+14
 1.151393707540659e+14
 1.154535300194249e+14
 1.157676892847839e+14
 1.160818485501428e+14
 1.163960078155018e+14
 1.167101670808608e+14
 1.170243263462198e+14
 1.173384856115788e+14
 1.176526448769378e+14
 1.179668041422967e+14
 1.182809634076557e+14
 1.185951226730147e+14
 1.189092819383737e+14
 1.192234412037327e+14
 1.195376004690917e+14
 1.198517597344506e+14
 1.201659189998096e+14
 1.204800782651686e+14
 1.207942375305275e+14
 1.211083967958865e+14
 1.214225560612455e+14
 1.217367153266045e+14
 1.220508745919635e+14
 1.223650338573225e+14
 1.226791931226814e+14
 1.229933523880404e+14
 1.233075116533994e+14
 1.236216709187583e+14
 1.239358301841173e+14
 1.242499894494763e+14
 1.245641487148353e+14
 1.248783079801943e+14
 1.251924672455533e+14
 1.255066265109122e+14
 1.258207857762712e+14
 1.261349450416302e+14
 1.264491043069892e+14
 1.267632635723482e+14
 1.270774228377072e+14
 1.273915821030661e+14
 1.277057413684251e+14
 1.280199006337841e+14
 1.283340598991430e+14
 1.286482191645020e+14
 1.289623784298610e+14
 1.292765376952200e+14
 1.295906969605790e+14
 1.299048562259380e+14
 1.302190154912969e+14
 1.305331747566559e+14
 1.308473340220149e+14
 1.311614932873738e+14
 1.314756525527328e+14
 1.317898118180918e+14
 1.321039710834508e+14
 1.324181303488098e+14
 1.327322896141688e+14
 1.330464488795277e+14
 1.333606081448867e+14
 1.336747674102457e+14
 1.339889266756047e+14
 1.343030859409637e+14
 1.346172452063227e+14
 1.349314044716816e+14
 1.352455637370406e+14
 1.355597230023996e+14
 1.358738822677585e+14
 1.361880415331175e+14
 1.365022007984765e+14
 1.368163600638355e+14
 1.371305193291945e+14
 1.374446785945535e+14
 1.377588378599124e+14
 1.380729971252714e+14
 1.383871563906304e+14
 1.387013156559893e+14
 1.390154749213483e+14
 1.393296341867073e+14
 1.396437934520663e+14
 1.399579527174253e+14
 1.402721119827843e+14
 1.405862712481432e+14
 1.409004305135022e+14
 1.412145897788612e+14
 1.415287490442202e+14
 1.418429083095792e+14
 1.421570675749382e+14
 1.424712268402971e+14
 1.427853861056561e+14
 1.430995453710151e+14
 1.434137046363740e+14
 1.437278639017330e+14
 1.440420231670920e+14
 1.443561824324510e+14
 1.446703416978100e+14
 1.449845009631690e+14
 1.452986602285279e+14
 1.456128194938869e+14
 1.459269787592459e+14
 1.462411380246048e+14
 1.465552972899638e+14
 1.468694565553228e+14
 1.471836158206818e+14
 1.474977750860408e+14
 1.478119343513998e+14
 1.481260936167587e+14
 1.484402528821177e+14
 1.487544121474767e+14
 1.490685714128357e+14
 1.493827306781947e+14
 1.496968899435537e+14
 1.500110492089126e+14
 1.503252084742716e+14
 1.506393677396306e+14
 1.509535270049895e+14
 1.512676862703485e+14
 1.515818455357075e+14
 1.518960048010665e+14
 1.522101640664255e+14
 1.525243233317845e+14
 1.528384825971434e+14
 1.531526418625024e+14
 1.534668011278614e+14
 1.537809603932203e+14
 1.540951196585793e+14
 1.544092789239383e+14
 1.547234381892973e+14
 1.550375974546563e+14
 1.553517567200153e+14
 1.556659159853742e+14
 1.559800752507332e+14
 1.562942345160922e+14
 1.566083937814512e+14
 1.569225530468102e+14
 1.572367123121692e+14
 1.575508715775282e+14
 1.578650308428871e+14
 1.581791901082461e+14
 1.584933493736051e+14
 1.588075086389640e+14
 1.591216679043230e+14
 1.594358271696820e+14
 1.597499864350410e+14
 1.600641457004000e+14
 1.603783049657590e+14
 1.606924642311179e+14
 1.610066234964769e+14
 1.613207827618359e+14
 1.616349420271948e+14
 1.619491012925538e+14
 1.622632605579128e+14
 1.625774198232718e+14
 1.628915790886308e+14
 1.632057383539898e+14
 1.635198976193487e+14
 1.638340568847077e+14
 1.641482161500667e+14
 1.644623754154257e+14
 1.647765346807847e+14
 1.650906939461437e+14
 1.654048532115026e+14
 1.657190124768616e+14
 1.660331717422206e+14
 1.663473310075795e+14
 1.666614902729385e+14
 1.669756495382975e+14
 1.672898088036565e+14
 1.676039680690155e+14
 1.679181273343745e+14
 1.682322865997334e+14
 1.685464458650924e+14
 1.688606051304514e+14
 1.691747643958103e+14
 1.694889236611693e+14
 1.698030829265283e+14
 1.701172421918873e+14
 1.704314014572463e+14
 1.707455607226053e+14
 1.710597199879642e+14
 1.713738792533232e+14
 1.716880385186822e+14
 1.720021977840412e+14
 1.723163570494002e+14
 1.726305163147592e+14
 1.729446755801181e+14
 1.732588348454771e+14
 1.735729941108361e+14
 1.738871533761950e+14
 1.742013126415540e+14
 1.745154719069130e+14
 1.748296311722720e+14
 1.751437904376310e+14
 1.754579497029900e+14
 1.757721089683489e+14
 1.760862682337079e+14
 1.764004274990669e+14
 1.767145867644258e+14
 1.770287460297848e+14
 1.773429052951438e+14
 1.776570645605028e+14
 1.779712238258618e+14
 1.782853830912208e+14
 1.785995423565797e+14
 1.789137016219387e+14
 1.792278608872977e+14
 1.795420201526567e+14
 1.798561794180157e+14
 1.801703386833747e+14
 1.804844979487336e+14
 1.807986572140926e+14
 1.811128164794516e+14
 1.814269757448105e+14
 1.817411350101695e+14
 1.820552942755285e+14
 1.823694535408875e+14
 1.826836128062465e+14
 1.829977720716055e+14
 1.833119313369644e+14
 1.836260906023234e+14
 1.839402498676824e+14
 1.842544091330413e+14
 1.845685683984003e+14
 1.848827276637593e+14
 1.851968869291183e+14
 1.855110461944773e+14
 1.858252054598363e+14
 1.861393647251952e+14
 1.864535239905542e+14
 1.867676832559132e+14
 1.870818425212722e+14
 1.873960017866312e+14
 1.877101610519902e+14
 1.880243203173491e+14
 1.883384795827081e+14
 